10
10

6.920000076	-5.710000038	0	0	0	0	0	0	0	0	
-1.210000038	5.920000076	-4.710000038	0	0	0	0	0	0	0	
0	-1.210000038	4.920000076	-3.710000038	0	0	0	0	0	0	
0	0	-1.210000038	3.920000076	-2.710000038	0	0	0	0	0	
0	0	0	-1.210000038	2.920000076	-1.710000038	0	0	0	0	
0	0	0	0	-1.710000038	2.920000076	-1.210000038	0	0	0	
0	0	0	0	0	-2.710000038	3.920000076	-1.210000038	0	0	
0	0	0	0	0	0	-3.710000038	4.920000076	-1.210000038	0	
0	0	0	0	0	0	0	-4.710000038	5.920000076	-1.210000038	
0	0	0	0	0	0	0	0	-5.710000038	6.920000076