Quantidade Iterações: 18
Resíduo: 1e-005
Tempo de execução do método: 0.003421811981 segundos

vetor x:

x1: 0.5378926396	
x2: 1.834152937	
x3: -2.258570671	
x4: 0.8624548912	
x5: 0.3190383017	
x6: -1.307414293	
x7: -0.4333099425	
x8: 0.3429068923	
x9: 3.578663349	
x10: 2.769662857	


Matriz A:

6.920000076	-5.710000038	0	0	0	0	0	0	0	0	
-1.210000038	5.920000076	-4.710000038	0	0	0	0	0	0	0	
0	-1.210000038	4.920000076	-3.710000038	0	0	0	0	0	0	
0	0	-1.210000038	3.920000076	-2.710000038	0	0	0	0	0	
0	0	0	-1.210000038	2.920000076	-1.710000038	0	0	0	0	
0	0	0	0	-1.710000038	2.920000076	-1.210000038	0	0	0	
0	0	0	0	0	-2.710000038	3.920000076	-1.210000038	0	0	
0	0	0	0	0	0	-3.710000038	4.920000076	-1.210000038	0	
0	0	0	0	0	0	0	-4.710000038	5.920000076	-1.210000038	
0	0	0	0	0	0	0	0	-5.710000038	6.920000076	


vetor b:

-6.750800133	
20.84519958	
-16.53120041	
5.249100208	
2.123699903	
-3.838900089	
1.4296	
-1.03550005	
16.21929932	
-1.268100023	
