Quantidade Iterações: 18
Resíduo: 1e-005
Tempo de execução do método: 0.0008375106454 segundos

vetor x:

x1: 0.5378949642	
x2: 1.834155083	
x3: -2.258566618	
x4: 0.8624588847	
x5: 0.3190430105	
x6: -1.307410121	
x7: -0.4333058596	
x8: 0.3429104984	
x9: 3.578665257	
x10: 2.769664526	


Matriz A:

6.920000076	-5.710000038	0	0	0	0	0	0	0	0	
-1.210000038	5.920000076	-4.710000038	0	0	0	0	0	0	0	
0	-1.210000038	4.920000076	-3.710000038	0	0	0	0	0	0	
0	0	-1.210000038	3.920000076	-2.710000038	0	0	0	0	0	
0	0	0	-1.210000038	2.920000076	-1.710000038	0	0	0	0	
0	0	0	0	-1.710000038	2.920000076	-1.210000038	0	0	0	
0	0	0	0	0	-2.710000038	3.920000076	-1.210000038	0	0	
0	0	0	0	0	0	-3.710000038	4.920000076	-1.210000038	0	
0	0	0	0	0	0	0	-4.710000038	5.920000076	-1.210000038	
0	0	0	0	0	0	0	0	-5.710000038	6.920000076	


vetor b:

-6.750800133	
20.84519958	
-16.53120041	
5.249100208	
2.123699903	
-3.838900089	
1.4296	
-1.03550005	
16.21929932	
-1.268100023	
