Quantidade Iterações: 1975
Resíduo: 1e-005
Tempo de execução do método: 0.004973398685 segundos

vetor x:

x1: 0.5388380885	
x2: 1.835296273	
x3: -2.257378817	
x4: 0.8636592627	
x5: 0.3202449679	
x6: -1.306209207	
x7: -0.432110548	
x8: 0.3440908194	
x9: 3.579796076	
x10: 2.770597696	


Matriz A:

6.920000076	-5.710000038	0	0	0	0	0	0	0	0	
-1.210000038	5.920000076	-4.710000038	0	0	0	0	0	0	0	
0	-1.210000038	4.920000076	-3.710000038	0	0	0	0	0	0	
0	0	-1.210000038	3.920000076	-2.710000038	0	0	0	0	0	
0	0	0	-1.210000038	2.920000076	-1.710000038	0	0	0	0	
0	0	0	0	-1.710000038	2.920000076	-1.210000038	0	0	0	
0	0	0	0	0	-2.710000038	3.920000076	-1.210000038	0	0	
0	0	0	0	0	0	-3.710000038	4.920000076	-1.210000038	0	
0	0	0	0	0	0	0	-4.710000038	5.920000076	-1.210000038	
0	0	0	0	0	0	0	0	-5.710000038	6.920000076	


vetor b:

-6.750800133	
20.84519958	
-16.53120041	
5.249100208	
2.123699903	
-3.838900089	
1.4296	
-1.03550005	
16.21929932	
-1.268100023	
