-6.5631041e+001
-1.1813117e+002
  4.1667404e+002
 -2.9567191e+002
 -1.8482603e+002
  5.6626121e+002
 -4.4863173e+002
  1.6465867e+002
 -1.9429164e+002
  2.5499427e+002
 -2.1661103e+002
  1.8452718e+002
 -1.0968737e+002
  2.5736779e+002
 -3.0638563e+002
  1.3948819e+002
 -3.5619669e+001
 -2.4243470e+002
  2.0603845e+002
  1.2180998e+002
 -2.7029522e+001
 -2.6621001e+002
  1.1078887e+002
  1.7462182e+002
  4.0864342e+001
 -1.7216469e+002
 -7.3600530e+001
  1.6348314e+002
 -1.4744253e+002
  2.7367529e+002
 -4.1516925e+002
  3.9655497e+002
 -1.2500936e+002
  4.9549392e+000
 -2.3060592e+002
  2.9383438e+002
 -1.1318175e+002
  1.5172182e+001
  5.2292185e+001
 -9.0500391e+001
 -2.4911879e+001
 -1.5963619e+002
  4.4290570e+002
 -3.3869158e+002
  2.6770510e+002
 -3.2556884e+002
  1.6145376e+002
  1.8834111e+001
  1.5694497e+001
  1.7313741e+002
 -3.5441322e+002
  8.2692632e+001
  2.9093430e+002
 -3.4642495e+002
 -2.4871563e+001
  2.5378861e+002
 -2.2773688e+002
  2.7660289e+002
 -2.9920238e+002
  2.4232747e+002
 -1.4538120e+002
  2.4361526e+002
 -1.8754346e+002
 -1.8615540e+002
  2.5600519e+002
  5.9836530e+001
 -2.5956486e+002
  1.1460069e+002
  5.5138671e+001
 -8.5906902e+000
 -1.7167264e+002
  1.2177849e+002
  1.1591363e+002
 -2.9993758e+002
  3.5973127e+002
 -2.4617020e+001
 -3.2053757e+002
  1.0717827e+002
  3.2286980e+002
 -5.9465968e+002
  5.4140969e+002
 -1.4601041e+002
 -1.5064332e+002
  1.7610732e+002
 -2.1236119e+002
  9.9124245e+001
  1.1669744e+002
 -3.9166196e+001
  1.1758619e+002
 -2.4016074e+002
  1.1799668e+001
  2.5816501e+002
 -2.6962768e+002
 -2.6515365e+001
  2.3656879e+002
 -1.6721478e+002
 -5.7940463e+001
  1.0702308e+002
 -3.5079723e+000
 -2.2171594e+002
  3.7342612e+002
 -3.4363583e+001
 -1.8917177e+002
 -3.7472296e+001
  4.0116405e+001
  1.6262130e+002
  3.4275620e+001
 -2.6747472e+002
  1.4276287e+002
 -6.5728588e+000
  4.9775803e+001
 -3.6959259e+001
 -4.3970699e+001
  9.2847713e+001
 -1.7327149e+002
  1.6730383e+002
 -1.8621311e+002
  1.7887159e+002
 -4.7005923e+000
 -1.4918462e+002
  1.4250715e+002
  7.1918681e+000
  6.8240444e+001
 -3.2048578e+002
  3.3728410e+002
 -1.1061370e+002
 -5.5656020e+001
 -6.1743198e+001
  1.8151307e+002
  3.0639519e+001
 -1.9235537e+002
  1.2576470e+002
 -9.6826490e+001
  1.3885108e+002
 -2.3706285e+002
  2.0968840e+002
 -1.3231460e+001
 -7.6592570e+001
 -1.4413337e+002
  3.9508798e+002
 -3.7779373e+002
  1.8085139e+002
  9.7529169e+001
 -2.3696837e+002
  2.0052193e+002
 -2.4998335e+002
  1.8505682e+002
  3.6189382e+001
  2.0472771e+001
 -1.2202491e+002
  4.0284764e+001
 -7.6079222e+001
 -7.3174376e+000
  1.2628513e+002
  6.7414955e+001
  2.4515038e+001
 -2.3568118e+002
  2.6957398e+000
  2.2885676e+002
 -2.2506830e+002
 -4.1499347e+001
  1.1904358e+002
  1.4782360e+002
 -2.7803212e+002
  2.5460272e+002
 -1.2100406e+002
  2.6624557e+001
  8.3303547e+001
 -1.5829110e+002
  3.2357345e+001
 -3.2735108e+001
  4.0744439e+002
 -4.9730571e+002
 -5.2325894e+001
  2.6983311e+002
 -2.6093690e+001
 -6.7288874e+001
 -3.3587970e+001
  2.5623411e+002
 -3.1715315e+002
  3.3400593e+002
 -3.9254527e+002
  1.8473296e+002
 -1.1075755e+002
  2.8915977e+002
 -2.9802362e+002
  7.7460275e+001
  1.9054980e+002
 -2.4388529e+002
  1.1605112e+002
 -3.1318860e+000
  9.9031485e+000
 -1.4088008e+001
  3.1912023e+001
 -1.1063953e+002
  1.0659998e+002
 -1.2367382e+002
 -6.9105801e+001
  3.1704752e+002
 -2.8479679e+002
  1.5891523e+002
 -1.2321128e+002
  2.0299302e+002
 -1.1371137e+002
 -3.5885070e+000
  9.3732270e+001
 -3.9603694e+002
  6.1216309e+002
 -4.3201757e+002
  1.3980325e+002
 -6.2465473e+001
  1.7851762e+002
 -3.3950402e+002
  2.7495900e+002
 -5.6915364e+001
 -1.6903473e+002
  2.1768371e+002
 -1.6364543e+002
  1.3139197e+002
  1.3528408e+002
 -1.9464094e+002
 -1.1237909e+002
  2.8895576e+002
 -1.8152665e+002
  6.5289122e+001
 -1.1357492e+002
  1.7400945e+001
  2.1459158e+002
 -1.6165110e+002
 -1.2455987e+002
  6.1432916e+001
  1.3803717e+002
  1.4607440e+002
 -3.2980583e+002
  8.2258758e+001
  5.6786422e+001
  3.3688456e+001
  5.8847854e+001
 -3.8363017e+002
  2.8040055e+002
  1.8075586e+001
  7.0981839e+001
 -1.2910659e+001
 -2.5931403e+002
  3.0417954e+002
 -1.8747261e+002
 -8.1215403e+001
  1.6077508e+002
  9.2935018e+001
 -1.8037101e+002
  1.5745836e+002
 -8.1555788e+001
 -6.4925516e+001
  1.5311001e+002
 -3.9057977e+002
  4.1366628e+002
 -8.1577202e+000
 -1.8367442e+002
 -2.1015963e+001
  1.9163143e+002
 -9.7053775e+001
 -9.7832480e+001
  2.6475895e+001
  1.1892624e+002
  1.2705429e+001
 -1.0239364e+002
  8.2273763e+001
 -2.3169580e+000
 -2.3145792e+001
 -7.2772735e+000
 -5.7285355e+000
 -8.4529613e+001
  2.2449605e+002
 -2.7851916e+002
  2.5907645e+002
 -2.3938070e+002
  1.7216676e+002
 -1.5683869e+002
  1.9957978e+001
  3.1864923e+002
 -3.2477695e+002
  8.3963060e+001
 -2.6553274e+001
  1.4326424e+000
  9.1677030e+001
 -1.2813537e+002
 -5.4296897e+001
  1.9071169e+002
 -1.7388652e+001
 -1.3193861e+002
  5.0571218e+001
  2.3487330e+002
 -3.5641030e+002
 -5.4394236e+001
  3.7218870e+002
 -1.8466957e+002
 -1.1826356e+002
  3.8198122e+002
 -4.3982589e+002
  2.9213002e+002
 -1.5561836e+002
  1.7449725e+001
  1.0644208e+002
 -3.3668243e+001
 -1.5605068e+002
  1.8548473e+002
 -9.0245849e+001
 -2.3934991e+001
  1.5947106e+001
  1.3309270e+002
 -3.6980950e+001
 -1.9390706e+002
  4.4858446e+001
  2.5706057e+002
 -2.7681614e+002
  1.6845224e+001
  2.1904589e+002
 -1.7107029e+002
  7.6842859e+001
  3.5073486e+001
 -8.4776063e+001
  5.0638966e+001
 -1.3631963e+002
 -8.5224391e+001
  3.2170879e+002
 -2.6943962e+002
  3.5758888e+002
 -2.6423925e+002
 -1.6915957e+002
  4.8527651e+002
 -2.8383081e+002
 -2.9798265e+002
  3.9032774e+002
 -2.2426163e+001
 -5.1786576e+001
 -1.1200281e+002
  1.3751986e+002
 -5.1311459e+001
 -5.3587244e+001
  7.5448245e+001
  8.2453018e+001
  5.1504556e+001
 -3.9272465e+002
  4.6270325e+002
 -7.6897560e+001
 -3.9803965e+002
  2.8016835e+002
  4.6806312e+001
 -1.3411670e+002
 -4.6900921e+001
  2.0681648e+002
 -3.5759673e+001
 -9.2960575e+001
  1.9708617e+002
 -1.7453724e+002
 -2.3165727e+001
  4.4716172e+001
 -3.1409330e+002
  4.5211014e+002
 -1.8574318e+002
  1.5472609e+002
 -7.4560318e+001
 -1.8003706e+002
  1.7331719e+002
  4.1478244e+001
  5.0313644e+001
 -4.7905789e+002
  3.5600596e+002
  2.7712248e+002
 -4.9098259e+002
  3.5027479e+002
 -1.0927060e+002
  9.1365955e+000
 -9.0987571e+001
 -4.7907500e+000
  2.0290109e+002
 -2.8625648e+002
  2.9090385e+002
 -2.7381728e+002
  1.9495009e+002
 -2.7343271e+002
  3.7867960e+002
 -2.2013665e+002
 -1.6775981e+001
  1.1700122e+002
 -2.3394272e+001
  7.5533917e+001
 -2.3273260e+002
 -1.6933158e+001
  2.0446544e+002
  7.9414582e+001
 -3.3587409e+002
  2.9076684e+002
 -1.7897249e+002
  1.3296297e+002
  1.7326046e+002
 -3.3749927e+002
 -1.3079170e+002
  4.0356967e+002
 -1.2245493e+002
 -1.1892332e+002
  5.2062706e+001
  1.4628854e+002
 -2.1179790e+002
  2.3706363e+002
 -1.9524176e+002
  4.7353614e+001
 -6.9282244e+001
 -8.4716699e+001
  2.7649611e+002
  1.8965258e+001
 -6.5714993e+001
 -1.5097853e+002
 -1.2769132e+002
  2.9420081e+002
  5.9517807e+001
 -3.6632710e+002
  4.1731560e+002
 -2.7030763e+002
  1.3374472e+002
 -1.2293622e+002
  1.2358107e+002
 -5.5423527e+001
 -5.0984737e+000
 -2.5389105e+002
  6.1960606e+002
 -6.4100065e+002
  4.0884385e+002
 -2.2667593e+002
  4.7248307e+001
  2.7215750e+002
 -4.2714981e+002
  2.8988830e+002
 -1.8792014e+001
 -1.6118449e+002
  9.5498819e+001
 -4.1973031e+001
  2.7308766e+001
  7.3406715e+001
 -1.6017800e+002
  1.3522010e+002
 -1.2798533e+002
  7.3410177e+001
  1.8836478e+002
 -1.9206964e+002
 -1.0372456e+002
  3.3948723e+001
  1.5291158e+002
  5.2800161e+001
 -1.3642004e+002
 -1.0848628e+002
  3.7544156e+002
 -3.2625491e+002
  1.2884651e+002
 -2.4904994e+002
  4.3897622e+002
 -3.0516596e+002
  1.2618007e+001
  2.7796496e+001
  9.0685448e+001
 -9.0040697e+000
 -1.1834094e+002
  6.1243573e+001
  7.8921124e+001
 -6.3477055e+001
 -1.5452650e+002
  9.4201086e+001
  5.8895671e+001
  3.4218893e+001
  9.0343817e+000
  3.7744880e+001
 -1.5229848e+002
  2.3144408e+001
  5.4333777e+000
 -2.0145308e+001
  5.0764317e+001
 -5.6539362e+001
  9.7469075e+001
  1.1575675e+002
 -3.5557061e+002
  3.6596706e+002
 -2.2251683e+002
  7.8485061e+001
 -1.4870704e+002
  3.4179122e+002
 -4.3065768e+002
  3.3431510e+002
 -1.0938330e+002
  3.2344880e+001
 -8.8471407e+001
  8.1572699e+001
 -6.5772205e+001
 -1.6048097e+002
  3.1210614e+002
 -4.3744358e+001
 -2.8298388e+002
  2.5448347e+002
 -3.1227558e+001
  6.4172228e+001
 -1.9457969e+002
  2.3001782e+002
 -1.0624424e+002
 -2.8903566e+001
  2.3575559e+000
 -7.5823528e+001
  5.4145300e+001
  2.9838770e+002
 -4.0164906e+002
  2.2814328e+002
 -3.2991436e+002
  2.0212472e+002
  2.4174899e+002
 -3.4177736e+002
  1.6563899e+002
 -1.3520576e+001
 -6.3282696e+001
  6.3516783e+001
  3.1607772e+001
  4.1619830e+001
 -2.9178328e+002
  4.3147703e+002
 -3.1018711e+002
  1.0622635e+002
 -1.4636892e+002
  1.0485529e+002
  6.9784687e+000
 -5.9367296e-001
  2.6749724e+002
 -4.1691425e+002
  1.9271988e+002
  2.6547938e+001
 -1.3168404e+002
  1.1856548e+002
  3.9240812e+001
 -1.2270810e+002
  5.3614387e+001
 -2.0430237e+001
 -6.3764918e+001
  3.8937530e+001
  1.3727301e+002
 -5.4609268e+001
 -9.6563591e+001
 -1.0637343e+002
  1.2649277e+002
  2.3107854e+002
 -3.6738086e+002
  2.3293722e+002
 -2.8837042e+001
 -1.5375581e+002
  2.6170949e+002
 -1.5193746e+002
 -8.9353530e+001
  2.6585033e+002
 -3.1174090e+002
  1.8408234e+002
 -7.5059755e+000
 -1.2142695e+002
 -3.4320217e+000
  1.1593150e+002
 -2.6052667e+002
  4.4189286e+002
 -1.4842557e+002
 -2.0980462e+002
  1.5210541e+002
  1.3394508e+002
 -2.1595965e+002
  1.7063145e+002
 -1.6831110e+002
  6.7750161e+001
 -2.1582817e+002
  3.4814260e+002
  4.0532261e+001
 -1.4375057e+002
 -9.0083245e+001
 -3.0345598e+001
 -4.3496275e+001
  3.6379118e+002
 -2.6430677e+002
  1.6823104e+002
 -3.8131186e+002
  3.0783381e+002
 -8.1770314e+001
  3.9368343e+001
  2.4284747e+002
 -5.4550651e+002
  3.9711651e+002
 -5.7244824e+001
 -6.3557958e+001
 -1.2659766e+002
  6.5538911e+001
  1.5400760e+002
 -1.5213793e+002
  2.8540031e+002
 -1.2296616e+002
 -1.9156789e+002
  1.6470537e+002
 -5.9484826e+001
 -6.8963251e+001
  1.6781223e+002
 -1.5499002e+002
 -1.8687468e+001
  5.1453509e+001
  1.0211539e+002
 -1.2922981e+002
  2.6019614e+001
  5.1108893e+001
 -1.2586409e+002
  2.4148034e+002
 -2.6848867e+002
  2.7693364e+001
  7.9274705e+001
  2.1405070e+002
 -2.9066591e+002
  2.2658187e+002
 -2.6471283e+002
  3.2459346e+002
 -1.8808702e+002
 -7.7723388e+001
  1.5537647e+002
 -2.9405667e+002
  2.4938102e+002
 -1.2186512e+002
  1.4439795e+002
 -9.2463848e+001
  1.7929094e+002
 -3.1558431e+002
  2.4821884e+002
 -2.3548284e+001
 -2.1955466e+002
  1.9742676e+002
  4.9203286e+001
 -1.2617140e+002
  1.0095961e+002
 -1.6168582e+001
 -1.3812012e+002
  1.3875127e+002
 -3.2593693e+001
 -7.8802367e+001
  1.4378248e+002
 -8.9214802e+001
 -1.6702544e+002
  5.3633161e+002
 -4.9130871e+002
  1.8134469e+002
 -3.4482900e+002
  5.0565865e+002
 -3.7817791e+002
  3.0280355e+002
 -1.2092320e+002
  1.0164763e+002
 -1.2109978e+002
 -8.1356979e+001
  1.4034111e+002
 -2.9330751e+002
  5.3300577e+002
 -5.1860617e+002
  3.1581884e+002
 -1.7819022e+001
 -6.2357048e+000
 -8.8434733e+001
  1.9540856e+001
  6.7021653e+001
 -3.2060898e+002
  4.7069425e+002
 -1.7437680e+002
 -1.4793473e+002
  1.1093910e+002
  1.2722265e+002
 -2.0867832e+002
  1.6986156e+001
 -2.9677479e+001
  2.4214363e+002
 -2.6271499e+002
  3.4447412e+002
 -3.3861098e+002
  5.6987822e+001
  2.8631620e+002
 -4.7238869e+002
  3.1486222e+002
 -3.2320493e+001
 -2.5071578e+002
  2.8572646e+002
  1.5309943e+001
 -1.2921419e+002
  1.3168832e+002
 -1.3180739e+002
 -1.8358112e+002
  1.6010977e+002
  1.7035873e+002
  2.2830551e+001
 -2.3245099e+002
  1.7742646e+002
 -6.5189478e+001
 -1.6759735e+002
  6.1783901e+001
  2.4577092e+002
 -2.1869674e+002
  2.1539682e+002
 -1.8999056e+002
  4.4988904e+001
 -1.5677844e+002
  3.1027564e+002
 -2.0240626e+002
 -1.0010997e+001
  1.4576047e+002
 -4.8242146e+001
 -1.0876581e+002
  1.0861245e+002
 -6.0468691e+001
 -1.1235164e+002
  2.1678845e+002
 -1.7304477e+002
  2.8115014e+002
 -3.1092612e+002
  2.1739296e+002
 -2.1426750e+002
  2.1561401e+002
 -2.3960514e+002
  8.8896885e+001
  1.5931140e+002
 -1.6674961e+002
 -9.1429007e+000
  8.0682633e+001
  3.6670112e+001
  9.8734946e+001
 -2.6230613e+002
  2.4792648e+002
 -2.8478177e+002
  3.2266868e+001
  1.5006294e+002
 -2.1292011e+002
  4.1226557e+002
 -3.1727802e+002
  1.3514168e+002
  4.0385749e+001
 -1.8163686e+002
  1.4152895e+002
 -2.2460662e+001
 -6.0502951e+001
 -7.5046800e+000
 -2.2015940e+002
  5.4231642e+002
 -2.7121522e+002
 -1.1801964e+001
 -6.7991616e+001
 -3.8470107e+001
  3.1163137e+002
 -9.1446934e+001
 -3.3010188e+002
  1.1598303e+002
  4.0490594e+002
 -5.9446967e+002
  2.4384059e+002
  1.4026163e+002
  9.5282129e+001
 -3.7076453e+002
  1.2941139e+002
  2.4947777e+001
  3.5205539e+001
 -1.3274795e+001
 -3.3143231e+001
  2.4477377e+002
 -4.1075913e+002
  4.5291590e+002
 -4.1489412e+002
  1.3862741e+002
 -4.4622969e+001
  2.5625178e+002
 -2.9162616e+002
  7.1692258e-001
  1.8887625e+002
 -1.1753936e+002
  1.0359619e+002
 -2.0232994e+001
 -1.9526158e+002
  1.8075454e+002
 -7.9728482e+001
  1.8253952e+002
 -1.8497684e+002
 -4.3437700e+001
  2.7966434e+002
 -3.3747656e+002
  1.5552713e+002
 -1.0557299e+002
  5.9928889e+001
  9.6894948e+001
  1.5993445e+002
 -1.7372592e+002
 -7.2690327e+001
 -1.5962435e+002
  2.9961061e+002
 -6.4390691e+001
 -1.2860192e+002
  7.2245146e+001
  1.2088350e+002
 -2.3850817e+002
  2.2569315e+002
 -1.2361151e+002
 -1.3368161e+002
  2.8660782e+002
 -1.1517532e+002
 -2.1288364e+002
  2.4115746e+002
  1.0759540e+001
 -4.2469637e+001
  9.8783833e+001
 -1.3055904e+002
 -1.1173241e+002
  1.9785808e+002
 -1.1321373e+001
 -2.8971885e+002
  4.7577149e+002
 -2.3333518e+002
 -2.2734473e+001
  1.8613172e+002
 -4.3312906e+002
  2.1482190e+002
  9.5171835e+001
  1.0965008e+002
 -1.5333960e+002
 -1.9455190e+002
  3.2744430e+002
 -2.9813122e+002
  3.6831968e+002
 -3.5748731e+002
  2.8627604e+002
 -1.7431814e+002
  5.1692244e+001
 -1.8686168e+002
  2.1523737e+002
  1.3825338e+001
 -1.5341995e+002
  3.0127679e+002
 -1.3485283e+002
 -2.6241685e+002
  2.2846866e+002
 -3.4634452e+001
  9.0224315e+001
 -2.3712144e+002
  1.6665064e+002
  1.4519450e+002
 -2.7997254e+002
  2.7378856e+000
  2.3067222e+002
 -3.0867257e+002
  3.6778610e+002
 -1.4813992e+002
  6.4477114e+001
 -2.1107784e+002
  6.5929594e+001
 -6.4008612e+001
  3.5980035e+002
 -2.9826151e+002
  2.8404654e+001
  2.8070545e+000
  1.4813680e+001
 -8.6034947e+001
  1.6436913e+002
  4.4880869e+001
 -3.8210768e+002
  5.3454712e+002
 -3.5542256e+002
 -7.8783086e+000
  9.0596820e+001
  2.3764238e+002
 -3.0813234e+002
  1.3009659e+002
 -1.1174212e+002
  5.8899258e+001
  9.9316158e+001
 -2.5012789e+002
  1.4594648e+002
  5.9141092e+001
 -3.3066394e+001
 -3.2472911e+001
  1.7902765e+002
 -2.6421183e+002
  7.0841178e+001
 -7.1920332e+001
  8.9843231e+001
  6.4394216e+001
 -1.4869535e+002
  1.2086980e+002
 -8.4263454e+001
  1.3501973e+002
 -9.3069128e+001
 -3.5293283e+001
  1.0093680e+002
 -1.4718445e+002
  2.4671251e+002
 -2.5086993e+002
  1.5296896e+002
 -1.0794752e+002
  1.6752613e+002
 -2.6251384e+002
  4.3710763e+002
 -4.4529598e+002
 -1.0189556e+002
  3.0499713e+002
  9.6815033e+001
 -4.6781432e+001
 -1.3618760e+002
  4.7725504e+001
 -1.2131695e+002
  1.5233331e+001
  2.5886027e+002
 -1.6903006e+002
  1.7053499e+001
 -1.3653443e+002
  2.6557886e+002
 -1.9239163e+002
  1.7286484e+002
 -2.7644011e+002
  3.3638059e+002
 -3.3316657e+002
  2.8014194e+002
 -4.9237638e+002
  6.2733790e+002
 -1.6509766e+002
 -1.5147698e+002
 -7.7513445e+001
  2.4757072e+002
  2.7773704e+001
 -3.5659511e+002
  3.0543124e+002
 -2.4219481e+001
 -2.7876733e+002
  3.2168783e+002
  4.2383796e+000
 -3.5977484e+002
  2.9588558e+002
  1.6928481e+002
 -3.5935249e+002
  9.0325918e+001
  1.8907093e+002
 -2.4501623e+002
  1.5341226e+002
 -3.9570881e+001
  6.5841839e+001
 -2.8960797e+002
  2.9452470e+002
 -3.1639322e+001
 -6.9088607e+001
 -8.8064120e+001
  2.5959843e+002
 -1.0846034e+002
 -1.4037301e+002
  5.4002906e+001
  1.6198542e+002
 -3.6214022e+001
 -4.2991988e+001
 -9.1556018e+001
 -1.8748175e+002
  2.9169905e+002
  1.4508095e+002
 -2.8495380e+002
  4.4337303e+001
  1.3299449e+002
 -1.7780129e+002
  1.8460382e+002
 -5.9651304e+001
 -4.9666480e+001
 -1.2783446e+002
  2.3710763e+002
 -9.9313650e+001
 -2.6870804e+001
  1.1612318e+002
 -1.2476131e+002
 -6.7924260e+001
  7.8283176e+001
  1.2300503e+002
 -1.1661564e+002
  1.1418302e+002
 -1.1785416e+002
  1.9973701e+001
 -7.7027891e+001
  1.5419127e+002
 -1.9578902e+002
  3.2215170e+002
 -3.1661007e+002
  2.0599233e+002
 -1.4694492e+002
  5.2709542e+001
  2.1289408e+002
 -3.8105615e+002
  2.2018464e+002
 -2.8397334e+002
  3.2537036e+002
  2.5275824e+001
 -7.3005334e+001
 -7.0433555e+001
 -8.1800094e+000
 -2.8739966e+001
  1.7132131e+002
 -1.8502097e+002
  1.8711347e+002
 -2.3444120e+002
  2.7654290e+002
 -8.5957394e+001
 -2.6329500e+002
  2.2375358e+002
  1.1208283e+002
 -1.2625300e+002
 -1.8392883e+002
  3.3155762e+002
 -1.9867740e+002
 -4.1270605e+001
  1.8927549e+002
 -1.3574526e+001
 -1.5154395e+002
 -6.6773662e+001
  2.9821249e+002
 -3.3598587e+002
  2.8530375e+002
 -4.5438917e+001
 -8.0717068e+001
 -1.5550117e+002
  2.1634853e+002
 -4.7079496e+001
  1.5237173e+002
 -4.0111206e+002
  3.6359317e+002
 -1.7021861e+002
 -3.3576114e+001
  3.1037739e+002
 -3.7214189e+002
  3.0368983e+002
 -1.0687505e+002
 -3.4370728e+002
  4.0249887e+002
 -1.4267145e+002
  1.6179135e+002
 -2.5354958e+002
  2.2699176e+002
 -2.1892479e+002
  2.3755295e+002
 -2.3460523e+002
 -9.8504228e+001
  3.8460420e+002
 -5.5267210e+001
 -1.3986356e+002
  1.3690415e+002
 -2.6362844e+002
  6.3022751e+001
  7.7657369e+001
  1.7057659e+002
 -2.5405763e+002
  9.7111304e+001
  1.6968791e+001
  4.5774869e+001
 -6.7871636e+001
 -6.7343307e+001
  1.0465573e+002
 -3.7826836e+001
 -8.7324800e+001
  7.1233708e+001
  8.6051360e+001
 -1.0333553e+002
 -5.1046694e+001
  2.5079451e+002
 -2.5346531e+002
  7.5507784e+001
  7.9062440e+001
 -6.8929573e+001
 -1.8594867e+001
  8.6031697e+001
 -2.6805986e+002
  3.3588491e+002
 -6.4769195e+001
 -1.1012603e+002
 -1.2011496e+002
  4.5499256e+002
 -5.0428487e+002
  1.8113589e+002
  3.9719954e+001
  1.8117091e+002
 -4.7885711e+002
  4.7833412e+002
 -2.4533793e+002
  1.3631405e+002
 -1.3454446e+002
  1.7141098e+002
 -2.1170004e+002
  1.3154568e+002
 -8.7876316e+001
 -6.7776708e+000
  8.1339577e+001
 -1.0595479e+002
  1.5763236e+002
  1.7818850e+002
 -4.6065328e+002
  5.9315146e+001
  1.5345574e+002
 -9.0463022e+001
  3.3121272e+002
 -4.3705817e+002
  2.9584945e+002
 -1.5533124e+002
  8.4256297e+001
 -4.6110314e+001
  2.9046976e+001
  4.1312366e+001
  1.1361212e+002
 -2.8000253e+002
  1.3188838e+002
 -1.2424946e+002
  2.7656197e+002
 -4.3522893e+002
  2.0147379e+002
  2.7890298e+002
 -3.4906218e+002
  1.6066988e+002
 -3.8874129e+001
 -1.1168684e+002
  2.0927358e+002
 -6.2689936e+001
  1.5837944e+001
 -1.5711305e+002
  9.3526234e+001
  3.4051227e+001
 -3.9353634e+001
 -1.1546294e+001
  8.0824456e+000
  1.7283668e+002
 -2.0919224e+002
  2.8775649e+001
  7.0205522e+001
 -6.3123241e+001
  1.4963796e+002
 -2.7354527e+002
  2.5078729e+002
 -1.2903759e+002
 -1.6380347e+002
  3.7798303e+002
 -2.2096418e+002
  2.8578945e+002
 -5.5751952e+002
  2.4353527e+002
  3.1439645e+002
 -3.3703278e+002
  1.3219275e+002
  6.6408942e+001
 -1.7432865e+002
 -5.9022702e+001
  1.1464713e+002
 -5.4412130e+001
  1.5458463e+002
 -9.5617720e+001
 -1.6927657e+002
  3.7898953e+002
 -2.0239363e+002
 -1.2565223e+002
  1.1574275e+002
  5.8273944e+001
 -5.9035428e+001
  6.7800178e+001
 -2.3591081e+002
  2.6646014e+002
 -1.4240622e+002
  1.6764526e+001
  7.0964358e+001
  2.1300189e+002
 -5.3937698e+002
  4.3494741e+002
 -2.0578561e+002
  5.1907852e+001
  1.7627213e+002
 -4.6394022e+002
  4.0557904e+002
 -1.4615922e+002
  1.1135674e+002
 -1.3659403e+002
  1.1074574e+002
 -2.9525135e+001
 -1.4215816e+002
  2.2437498e+002
 -1.1128100e+001
 -2.4404747e+002
  2.7333015e+002
 -1.3725595e+002
  8.6538573e+000
 -1.4426267e+002
  2.4086918e+002
  2.3260440e+001
 -1.8565513e+002
 -1.0771579e+001
  1.5406115e+002
 -4.3232304e+001
  1.2100037e+002
 -2.3754438e+002
 -1.9495474e+001
  2.7041410e+002
 -2.8485864e+002
  1.2540494e+002
  1.2287464e+001
  7.2347837e+000
 -1.8436115e+002
  3.9257935e+002
 -4.5101748e+002
  3.1448963e+002
 -9.6394664e+001
 -7.8947247e+001
  9.5520578e+001
 -2.4987778e+002
  6.4931214e+002
 -6.1282663e+002
  1.7348779e+002
  6.5271430e+001
  5.2085153e+000
 -8.1454615e+001
  3.4517048e+002
 -6.3514648e+002
  3.6610145e+002
 -8.8984139e+001
  1.6638280e+002
 -1.5280531e+002
  4.9565151e+001
  1.1221354e+002
 -4.0721711e+002
  6.1606689e+002
 -5.2667804e+002
  2.6399545e+002
 -2.0719932e+002
  1.9720611e+002
  1.4107132e+002
 -5.2651735e+002
  5.1862297e+002
 -1.3396894e+002
 -1.2392203e+002
 -6.2334902e+001
  2.1296545e+002
  1.3117357e+002
 -6.0535198e+002
  5.5031298e+002
 -2.8387096e+002
  1.1387098e+002
  6.4698588e+001
 -2.4443612e+001
 -1.5372410e+002
  3.8087373e+002
 -3.3382601e+002
  1.2825235e+002
 -1.3134624e+002
  1.6638678e+002
 -3.4632642e+002
  3.6232437e+002
 -1.3902079e+002
  2.7849207e+001
 -9.1759659e+001
  3.1116297e+002
 -1.5012969e+002
 -9.1843478e+001
 -1.2500905e+002
  1.8734987e+002
 -4.4268517e+001
  1.4896248e+001
  4.1797066e+001
  8.0185013e+001
 -3.0407044e+002
  5.0203501e+001
  3.8087208e+002
 -4.5487923e+002
  1.6929535e+002
  2.3370588e+002
 -2.7785237e+002
  4.9028192e+001
 -4.8827096e+001
  7.7560009e+001
  8.6747060e+001
 -8.9816076e+001
  6.1888072e+001
 -1.2865091e+002
  2.4402487e+002
 -3.8730828e+002
  5.1348909e+001
  2.7011470e+002
  1.2721033e+002
 -4.9284750e+002
  5.2444601e+002
 -5.3760618e+002
  3.7975589e+002
  2.7587236e+001
 -1.7815089e+002
 -8.0787188e+001
  5.1233372e+001
  2.2646905e+002
 -1.2810637e+002
 -7.4059936e+001
 -8.4204590e+001
  1.1560284e+002
  8.7945470e+001
 -1.9902070e+002
  2.6820933e+002
 -2.1213584e+002
  2.1050820e+002
 -2.5575286e+002
  1.1753383e+002
  5.7961694e+001
 -7.2564826e+001
 -8.3026415e+001
  7.2236809e+001
  2.0964304e+002
 -2.4857018e+002
 -1.1434758e+002
  2.4634158e+002
 -1.9937519e+002
  3.4591264e+002
 -2.3567930e+002
  1.8716960e+001
 -6.6292260e+000
 -1.1402084e+002
  1.3164676e+002
 -2.8603611e+002
  5.2950387e+002
  5.8654049e+001
 -4.5110918e+002
  5.0146785e+001
  1.7451082e+002
 -1.2469901e+002
  1.3827549e+001
  5.3878273e+001
  9.0313789e+001
 -2.9166142e+002
  2.6040494e+002
 -2.0882940e+002
  3.7200883e+002
 -4.9896803e+002
  2.7395177e+002
 -7.7891745e+001
  1.3058201e+002
 -3.2486341e+001
 -1.3545642e+002
  5.0688086e+001
  1.3709585e+002
 -8.5426513e+001
 -7.7519163e+001
  1.7410600e+002
 -1.0532444e+002
 -6.5268186e+000
 -2.0408342e+002
  2.1735560e+002
 -3.4053471e+000
 -2.9618096e+002
  5.4356929e+002
 -2.7367836e+002
  9.1584321e+001
  5.2676827e+001
 -3.9677529e+002
  2.8427543e+002
  5.0905885e+001
  1.5836042e+002
 -4.7580969e+002
  2.8362332e+002
 -1.9431205e+002
  3.5275273e+002
 -1.2347458e+002
 -4.7653956e+001
 -7.9999406e+001
  7.0789171e+001
 -1.4898161e+002
  3.3483810e+001
  4.2414146e+002
 -4.1637669e+002
  9.7985865e+001
  1.3974770e+002
 -3.2258991e+002
  2.4296751e+002
 -5.3334088e+001
 -1.7147663e+002
  2.1311435e+002
  7.6594090e+001
 -2.7213921e+002
  2.5918867e+002
 -9.2084070e+001
 -7.7508098e+001
  1.4597160e+002
 -1.4755128e+002
  6.6564150e+001
 -3.1413094e+001
  7.0563351e+000
 -1.7374717e+002
  3.0238880e+002
  2.4044339e+000
 -2.4603659e+002
  1.4328198e+002
 -2.2622772e+001
  9.3544147e+001
  4.1720191e+001
 -3.0602782e+002
  2.0506422e+002
  9.8979322e+001
 -3.8479653e+002
  4.6591665e+002
 -3.1211753e+002
  2.7630442e+002
 -3.8997743e+002
  3.7579107e+002
 -1.3194341e+002
 -1.4872092e+002
  2.2588226e+002
 -2.7517418e+002
  1.6768679e+002
  1.6674148e+002
 -3.7152193e+002
  4.9613221e+002
 -2.6386946e+002
  1.7357453e+001
 -4.3893352e+001
 -1.4656926e+002
  2.2937631e+002
 -1.8307347e+002
  1.4982772e+002
  4.2345082e+001
 -1.0394438e+002
  5.4465168e+001
 -1.3426519e+002
  1.3938219e+002
 -1.3772167e+002
  4.4641387e+002
 -7.9559100e+002
  7.1697589e+002
 -4.5004987e+002
  4.2323613e+002
 -4.7615042e+002
  4.0199532e+002
 -4.9311745e+002
  5.3702152e+002
 -2.1962296e+002
  8.6494239e+001
 -1.2022725e+002
  8.7722838e-001
  3.9413251e+001
  1.6896460e+001
  8.6240115e+001
 -1.2243671e+002
 -1.2925084e+002
  1.4917000e+002
  1.1419935e+002
 -3.4994270e+002
  3.9265017e+002
 -2.8810915e+002
  3.2840873e+002
 -4.0791756e+002
  3.3478244e+002
 -1.6065960e+002
  2.1076971e+002
 -3.0189275e+002
 -3.5463873e+001
  3.3416837e+002
 -1.7770932e+002
 -7.2079465e+001
  1.0117466e+002
  4.9418595e+001
 -1.0847265e+002
 -3.7487705e+000
  1.0703767e+002
  2.4347022e+001
 -2.9007753e+002
  2.8292764e+002
 -7.0473049e+001
 -1.1097052e+002
  3.6271880e+002
 -5.4169785e+002
  3.7207666e+002
 -1.2670332e+002
 -9.4054067e+000
  2.7145156e+002
 -5.5428265e+002
  5.1323430e+002
  8.7612859e-001
 -2.5559098e+002
 -2.0399853e+002
  3.6952080e+002
 -8.0538496e+001
 -5.4683338e+001
  1.4998892e+002
 -2.4061072e+002
  2.0362797e+002
 -1.5096631e+002
 -4.8867437e+001
  2.1190825e+002
 -1.5979935e+002
  9.2252015e+001
  7.6128967e+001
 -7.5894360e+001
 -1.0466513e+002
  2.5136562e+002
 -2.6841051e+002
  3.6099398e+001
  6.1137205e+001
  1.0642084e+002
 -1.8383837e+002
  9.7706416e+001
  8.4410736e+001
 -1.2998854e+002
 -2.1226392e+001
 -9.0372447e+001
  1.7078713e+002
 -8.5973153e+001
  1.7515316e+002