-7.4215582e+000
7.7297489e+000
  1.8427012e+000
 -9.2269709e+000
  5.5279007e+000
  5.1600914e-001
 -7.0426248e+000
  6.6888682e+000
 -3.9870072e-001
  1.3991501e-001
 -9.2536614e+000
  9.0759679e+000
  3.4466752e+000
 -5.4335533e+000
 -4.4123324e+000
  3.5709882e+000
  3.4723728e+000
  3.0633655e+000
 -3.6699999e+000
 -5.7712010e+000
  1.0291655e+001
 -4.4614563e+000
 -3.3117568e+000
 -2.5191603e+000
  7.1770831e+000
 -2.8928547e+000
 -2.9577216e+000
  6.1164781e+000
  2.1589559e+000
 -1.1704598e+001
  7.7484871e+000
  8.8285109e-001
 -6.4062159e-001
 -5.7008447e-001
 -2.3248491e+000
  4.5145741e+000
 -3.5623984e+000
  4.4776661e+000
 -6.6709890e+000
  3.7661343e+000
 -5.1741782e+000
  9.3352039e-001
  4.3571630e+000
 -1.3983410e+000
  1.3755415e+000
 -7.3143155e-001
 -1.1527203e+000
  5.9882073e+000
 -1.0412566e+001
  1.2361110e+001
 -1.3100449e+001
  1.1086588e+001
 -4.2007939e+000
 -2.2978053e+000
  4.7102560e+000
 -7.4597698e+000
  3.5925489e-001
  8.3921486e+000
 -7.0550852e+000
  3.5983769e+000
 -4.8120465e+000
  8.2633173e+000
 -6.0346971e+000
 -6.2485155e+000
  1.1716430e+001
  3.0823653e+000
 -1.3988082e+001
  1.3861239e+001
 -9.9084566e+000
  2.0380160e+000
 -1.1393904e+000
  6.3346325e+000
 -7.3851931e+000
 -1.2968060e+000
  1.6869148e+001
 -1.4794187e+001
 -5.2653508e+000
  1.2553807e+001
 -5.7105964e+000
 -2.5277914e+000
 -1.4129555e+000
  1.6471882e+001
 -1.2771937e+001
 -1.6166340e+000
  2.4198242e+000
 -1.1618029e-001
  1.7960162e+000
 -6.6563326e+000
  1.2314779e+001
 -1.0733319e+001
  8.9359647e-001
  4.6594778e+000
  1.4433816e+000
 -5.7800901e+000
  3.9070389e+000
 -4.4874198e-001
 -7.6054391e+000
  1.1627745e+001
 -3.7174498e+000
 -6.2271053e-001
 -3.5692271e+000
  8.3507304e+000
 -4.7204480e+000
 -6.7425313e+000
  1.0989200e+001
 -7.8185345e+000
 -1.1058448e+000
  3.3057112e+000
 -1.6312951e+000
  1.0647740e+001
 -1.4566479e+001
  7.8313907e+000
 -4.8437467e+000
  6.4747985e+000
 -5.3410374e+000
  8.3633261e-001
  6.2537738e+000
 -4.8536528e+000
  2.7465281e+000
 -6.9611581e+000
  2.5374097e+000
  5.0998288e+000
 -6.2724912e+000
  4.0645381e+000
 -1.1358343e+000
 -4.2681366e+000
  3.7957417e+000
 -9.8116833e-001
  8.4719691e+000
 -1.0365954e+001
  4.5492837e-001
  8.9939440e+000
 -1.6926058e+001
  1.5999265e+001
 -2.9183211e+000
 -7.7054888e+000
  7.2586955e+000
 -1.2428478e+000
  1.7200691e+000
  9.9770204e-001
 -6.1331580e+000
  1.5560941e+000
 -2.5540291e+000
  3.0255167e+000
  5.0809911e+000
 -9.7761378e+000
  5.7429937e+000
  2.0525872e+000
  1.1058881e-001
 -8.6394981e+000
  9.2738138e+000
 -4.5200083e-001
 -6.9632509e+000
  3.2336909e+000
  7.3058730e+000
 -1.7231345e+001
  2.3838965e+001
 -1.4763152e+001
 -7.5736609e+000
  1.2257285e+001
 -5.0210758e-001
 -3.8963861e+000
 -8.8379869e-001
  7.5386110e+000
 -1.1069888e+001
  6.6583782e+000
  1.6418851e+000
 -3.2136488e+000
  3.4336546e+000
 -1.9730701e+000
 -2.2679573e+000
 -3.0358365e+000
  8.8033286e+000
 -3.5244485e+000
  1.0031207e+000
 -1.2564907e+000
 -4.2526099e+000
  5.5824577e-001
  2.7791875e+000
  2.8111428e+000
  5.6727410e-001
 -2.7208564e+000
 -2.5688739e+000
  6.1008059e-001
  1.8015819e+000
  1.0132475e+001
 -1.7117894e+001
  9.9614345e+000
 -4.7078738e+000
 -5.4662835e+000
  1.5589413e+001
 -5.5706275e+000
 -9.0911757e+000
  7.2858489e+000
 -8.1657918e-002
 -5.1794922e+000
  5.4192614e+000
 -4.5153667e-001
  1.4641039e+000
 -4.2569296e+000
  4.2175065e+000
 -3.7381005e+000
  3.7057937e-001
  2.1049327e+000
  2.4633415e+000
 -3.9162934e+000
  2.0949119e+000
 -8.3240259e+000
  1.0329600e+001
 -1.4871451e+000
 -6.4968109e+000
  8.4580146e+000
 -7.2073459e+000
 -1.5120257e-001
  5.5840238e+000
  1.5440695e+000
 -3.9632417e+000
 -6.4753455e+000
  1.3958880e+001
 -8.8711036e+000
  1.5656912e+000
 -1.8510725e+000
  4.3886928e+000
 -2.9706299e+000
  6.7131962e-001
 -7.8131255e+000
  1.4171404e+001
 -6.9715525e-001
 -5.0589332e+000
  8.5804493e-002
 -1.2579372e+001
  2.0788766e+001
 -1.5247478e+001
  7.8832278e+000
  5.0460926e+000
 -1.8782184e+001
  1.7340517e+001
 -9.3203602e+000
  9.2839781e+000
 -4.7253897e+000
  3.2988686e+000
 -7.6909734e+000
  3.4470476e+000
  5.7207097e+000
 -1.0785605e+001
  4.7834236e+000
  3.5139115e+000
 -6.8317217e+000
  9.3125889e+000
 -7.8964855e+000
  9.9074085e-002
  4.7426666e+000
 -5.8818133e+000
  6.2411253e+000
 -1.1771471e+000
 -7.6899351e+000
  7.6024563e+000
 -1.1073053e+000
 -4.7198474e-001
 -6.3683807e-001
  1.2373966e+000
  3.0297864e+000
 -1.9158017e+000
 -2.8610575e+000
 -3.1256745e+000
  1.2801097e+001
 -1.0944548e+001
 -2.8865557e+000
  6.5209619e+000
  3.6182378e+000
 -5.8524426e+000
  8.9441105e-001
  5.7441679e-001
  6.5748692e+000
 -1.4501577e+001
  5.0438484e+000
 -4.2172029e+000
  2.0573635e+001
 -1.7137968e+001
  2.2496126e+000
  2.7273905e+000
 -2.9319934e+000
  5.0420843e+000
 -1.0505034e+001
  8.0469522e+000
 -4.9193677e+000
  5.4677260e+000
 -5.0427956e+000
  1.9661821e+000
  6.9220598e+000
 -1.2018496e+000
 -9.8834314e+000
  1.8157522e+000
  9.1593197e+000
 -7.1673923e+000
  6.1952183e+000
 -1.3099504e+001
  1.2890815e+001
 -1.4902484e+000
 -4.4795926e+000