-1.6527861e-001
-1.5212562e+000
  2.3776373e+000
 -1.2809364e+000
  5.9253948e-001
 -1.1949492e+000
  1.1357742e+000
 -3.8018399e-001
 -4.1316802e-001
  4.5017928e-001
 -1.5220881e-001
  1.5050126e+000
 -2.2355663e+000
  4.8792194e-001
  5.7457857e-001
 -4.9356070e-001
 -3.8909277e-001
  8.6343541e-001
  8.1300442e-001
 -1.0027974e+000
 -2.2589343e-001
  5.0080552e-001
 -4.5044722e-001
 -3.9454859e-001
  1.2774450e+000
 -7.5182995e-001
  6.3131608e-002
 -3.7984486e-001
  1.6884432e-001
  6.5104951e-001
 -3.5945485e-001
 -5.9934915e-001
  5.4541314e-001
  2.2885116e-002
 -1.2515246e+000
  2.3579877e+000
 -1.3061073e+000
  2.8651496e-001
 -4.3852147e-001
  7.1365467e-001
 -1.0262440e+000
  2.3421042e-001
  9.8127016e-001
 -5.7577843e-001
  1.3415191e-001
 -2.1458439e-001
  4.9622480e-001
 -1.0638942e+000
  9.0701763e-001
 -1.0839783e+000
  1.1832289e+000
 -3.6990161e-001
 -5.2717371e-001
  1.6627341e+000
 -1.9744501e+000
  1.3138776e+000
 -6.8875131e-001
 -1.6642163e-001
  1.2521724e-001
  8.8185603e-001
 -1.2007979e+000
  2.3359709e-001
  1.2130740e+000
 -9.0447110e-001
 -4.1421269e-001
  1.7880324e-001
  4.9814256e-001
  3.1012483e-002
 -6.9134249e-001
  3.7073773e-001
  2.7762172e-001
 -4.1183826e-002
 -8.6739933e-001
  8.4979321e-001
 -5.0513847e-002
 -7.5353208e-002
 -1.7081224e-001
  1.9420965e-001
 -1.0800871e-001
 -9.2115944e-001
  1.6400816e+000
 -1.7656220e-001
 -1.1666663e+000
  3.6300956e-002
  1.3373919e+000
 -1.6286368e+000
  2.0769417e+000
 -1.2836253e+000
  1.1539061e-001
 -9.4199553e-001
  1.7535366e+000
 -1.2572112e+000
  1.2672491e+000
 -1.4651677e+000
  1.1391869e-001
  1.3556454e+000
 -1.5135068e+000
  5.2891950e-001
 -1.8028861e-001
  1.3135117e+000