2.8799442e+002
-4.6528312e+001
 -9.6674923e+001
 -1.9109600e+002
  4.3355253e+002
 -3.6291394e+002
  3.6828145e+002
  2.1024417e+002
 -7.7591627e+002
  2.6318908e+002
  2.5358945e+002
 -2.8658761e+002
  4.2276567e+002
 -4.6223831e+002
  1.9241756e+002
 -1.4281349e+002
 -2.6636749e+001
  1.1600466e+002
 -7.7217385e+001
  1.0395888e+002
  2.8856399e+002
 -6.9323109e+002
  6.9008182e+002
 -6.6731458e+001
 -2.2585078e+002
  1.1739115e+001
  6.5161219e+001
 -5.9569819e+002
  8.3660870e+002
 -5.7355457e+002
  5.6821823e+002
 -7.0372892e+002
  6.1055016e+002
  4.8350714e+001
 -6.1584356e+002
  3.8860211e+002
  4.0466927e+002
 -4.6665645e+002
 -2.8178480e+002
  4.7955947e+002
 -2.0557241e+002
 -2.2696835e+002
  3.5261754e+002
 -2.4780848e+002
  3.0614962e+002
 -3.8991176e+002
  6.0399509e+002
 -4.6368160e+002
  1.4081730e+002
 -8.1340869e+001
  2.9030100e+002
 -6.1138849e+002
  6.3121304e+002
 -1.9070388e+002
 -8.0717879e+002
  1.4532513e+003
 -4.6248819e+002
 -6.6293539e+002
  5.2153425e+002
 -6.6804392e+002
  8.0438254e+002
 -2.1275062e+002
  9.2975945e+001
 -2.0726015e+002
  4.2810072e+002
 -5.8650883e+002
 -1.2966940e+002
  8.2344516e+002
 -5.4728969e+002
 -1.7935732e+002
  2.9759530e+002
 -1.3408543e+002
  6.3161218e+001
  2.8744437e+002
 -8.0576867e+002
  1.0551384e+003
 -7.1200241e+002
  4.1389552e+002
 -2.8516151e+002
  4.2971538e+002
 -7.1672311e+002
  5.0222232e+002
  1.0817733e+002
 -5.9602445e+002
  8.8286638e+002
 -1.0724935e+003
  4.1117848e+002
  4.6137751e+002
 -5.4162422e+002
  2.3222744e+002
  1.7944301e+002
 -3.5140012e+002
  4.1115084e+002
 -6.3790672e+002
  3.1563026e+002
  2.6381081e+002
 -9.9006893e+001
 -6.1524578e+002
  1.2643989e+003
 -1.3917249e+003
  7.4585036e+002
 -1.5847359e+002
  1.0272046e+001
  8.1865111e+002
 -1.3752820e+003
  6.8532182e+002
 -8.6319359e+001
  1.5603917e+002
  3.0988192e+001
 -3.1394709e+002
 -1.4269551e+002
  3.3205663e+002
 -1.7097333e+002
  6.6594713e+001
  4.2587756e+002
 -6.0322407e+002
  1.1307929e+002
  3.7637138e+002
 -7.3439884e+002
  5.7708625e+002
  1.4054633e+002
 -3.4797219e+002
 -1.3918184e+001
  3.6675032e+002
 -3.3721617e+000
 -7.2024905e+002
  5.3699104e+002
  1.9021095e+002
 -7.8320901e+002
  6.8740448e+002
 -5.0621619e+001
 -2.4202682e+002
  2.2052340e+002
  5.0799238e+001
  8.3627715e+001
 -4.8363872e+002
  9.8568184e+001
  4.2777035e+002
 -2.6002839e+002
 -4.9134455e+002
  6.1188632e+002
 -1.4261744e+002
  5.9506755e+002
 -9.0138659e+002
 -4.0913529e+001
  5.3194518e+002
  3.1239857e+002
 -1.0767515e+003
  7.5023909e+002
 -3.5675310e+002
  7.6510071e+002
 -1.1026075e+003
  8.0344376e+002
 -4.4466408e+002
  6.7282872e+002
 -1.0047916e+003
  1.1020504e+003
 -1.1369739e+003
  6.0555608e+002
 -7.4493033e+001
 -1.5135804e+002
  4.1780279e+002
 -2.5125859e+002
 -1.2525023e+002
 -1.2393910e+002
  6.2057963e+002
 -3.2273070e+002
  1.0065029e+002
 -7.6832842e+002
  7.8908141e+002
 -1.1549538e+002
 -2.6821508e+002
  4.5221321e+002
 -5.6500115e+001
 -2.4650750e+002
 -1.4972151e+002
 -5.6790683e+001
  5.1629873e+002
 -5.3702942e+001
 -2.4595153e+002
 -3.6811065e+001
  2.3185776e+002
  1.1380473e+002
 -4.1572292e+002
  1.5230558e+002
  8.5341730e+001
 -1.8797697e+002
 -8.8179408e+000
  3.2662814e+002
 -3.4287765e+002
 -1.0488927e+002
  3.1061847e+002
 -6.3309636e+001
  1.1206236e+002
 -2.5461084e+002
  3.7810663e+002
 -3.6065485e+002
  5.5612959e+002
 -9.6134825e+002
  9.9444436e+002
 -7.2100531e+002
 -1.7048858e+002
  3.3914252e+002
  9.4536419e+001
  5.2019276e+002
 -5.9815274e+002
 -6.2162015e+001
  8.8449625e+001
  6.4545786e+001
 -2.0636488e+002
  3.3116572e+002
 -3.6247839e+002
  3.4028952e+002
 -1.1119286e+002
  1.3081957e+002
 -3.3805518e+002
  9.6107772e+001
 -7.1914404e+000
  2.5430597e+002
  2.7665389e+002
 -1.1220132e+003
  1.1734635e+003
 -7.3900332e+002
  9.7600784e+002
 -1.7922843e+003
  1.8026234e+003
 -8.2108373e+002
  1.7898111e+001
 -5.8067528e+001
  4.0743810e+002
 -6.9146944e+002
  1.0257716e+003
 -1.0116312e+003
  3.7281292e+002
  1.1128132e+002
  2.2531869e+002
 -7.4034775e+002
  6.9121867e+002
 -5.8551315e+002
  5.0502295e+002
 -3.9338013e+002
  2.3035139e+002
  7.3648563e+001
 -8.8113983e+001
  9.6300830e+001
 -2.9003163e+002
  5.1453195e+002
 -4.7387815e+002
  1.4584049e+002
  6.8747110e+001
 -6.5484236e+001
  3.2636056e+001
 -2.5225715e+002
  3.2137267e+001
  2.5455127e+002
  4.2436694e+002
 -7.7950983e+002
  2.3566933e+002
  3.0844780e+002
 -3.9427432e+002
 -3.0027787e+001
  5.0284102e+002
 -5.2032701e+002
 -6.0735959e+000
  3.9734995e+002
 -4.3970513e+002
  3.5330793e+002
  1.1268455e+002
 -6.6588640e+002
  6.9254501e+002
  6.3126848e+001
 -4.3693759e+002
  1.6703143e+002
  2.1867626e+002
 -7.0983748e+002
  3.7316830e+002
  1.2208667e+001
  5.9142471e+001
 -1.6985880e+000
  2.4519701e+002
 -1.7527867e+002
 -3.6002867e+002
  4.8745475e+002
 -3.5528223e+002
  2.9913028e+002
 -2.1042569e+002
 -1.9706937e+002
  6.0217582e+002
  5.6936297e+001
 -8.2315175e+002
  3.1445066e+002
 -7.7286051e+001
  4.8095301e+002
 -3.5159014e+002
 -4.7246667e+001
  8.8571902e+001
 -7.8736811e+001
  4.9888411e+002
 -6.8829593e+002
  5.1706636e+002
 -3.6566203e+002
 -1.0704218e+002
  6.0851366e+002
 -7.7742100e+002
  7.2892014e+002
 -2.0618523e+002
 -3.6436117e+002
  5.9637018e+002
 -4.4939945e+002
  8.7652516e+001
  1.2893276e+002
 -4.1170493e+002
  2.3086947e+002
  4.0185552e+002
 -6.2075706e+002
  6.5699266e+002
 -6.8430266e+002
  6.0440465e+002
 -2.8182256e+002
 -3.8872832e+002
  6.7640509e+002
 -1.3465523e+002
 -4.0138685e+002
  4.5683312e+002
 -3.6636988e+001
 -4.7910678e+002
  5.9293904e+002
 -6.0576382e+002
  7.7192095e+002
 -7.7881592e+002
  2.4097291e+002
  8.0450285e+001
 -8.2884630e+001
  3.4636421e+002
 -5.3190800e+002
  2.6295371e+002
  1.8619709e+002
 -1.0497278e+003
  1.3460727e+003
 -4.2624548e+002
  1.3318083e+002
  1.9962606e+002
 -5.8038324e+002
  1.4880615e+002
 -1.2213113e+002
  3.8666080e+002
 -4.2153534e+002
  8.6557016e+001
  3.4692599e+002
 -3.2234210e+001
 -4.8007955e+002
  2.3919683e+002
  4.1032048e+002
 -8.9299492e+002
  7.7789952e+002
 -1.1541364e+002
 -1.7966925e+002
 -2.3294849e+002
  4.6307262e+002
 -1.5802321e+002
  8.4089101e+001
 -3.0518306e+002
  4.6593605e+002
 -5.1918573e+002
 -4.0414895e+002
  1.3496617e+003
 -5.8510458e+002
 -4.0033918e+002
  5.9713596e+002
 -3.2801573e+002
 -5.5103084e+001
  5.1195124e+001
 -4.7513312e+001
  1.3106023e+001
  1.3653158e+002
  1.2551738e+002
 -3.1793506e+002
  1.0448257e+002
  1.2862146e+001
 -3.4523144e+002
  1.3365280e+002
  8.0798545e+002
 -7.3688726e+002
  6.3088154e+001
 -1.1211918e+002
  4.1519947e+002
 -1.6201553e+002
 -1.8748495e+002
  4.7954756e+002
 -6.7644607e+002
  4.5075096e+002
  1.2729746e+002
 -4.7621793e+002
  1.5176643e+002
  2.4565921e+001
  1.4498294e+002
 -3.6846876e+002
  3.6462344e+002
  1.8723040e+002
 -2.6801777e+002
 -4.6318300e+002
  4.7936591e+002
  2.5157827e+002
 -2.4652343e+002
 -1.9096360e+002
  1.2240982e+002
 -1.2711485e+001
 -2.5385371e+002
  3.0205372e+002
  4.2435879e+002
 -7.3683025e+002
  2.7318104e+002
  3.2993911e+001
  4.2943052e+001
 -1.2762510e+001
  1.2650368e+002
 -9.6836685e+001
 -2.5057601e+002
  1.1410870e+002
  6.6117438e+001
  4.4192960e+002
 -6.4260788e+002
  2.3158004e+001
  2.7844159e+002
 -2.1351523e+001
 -9.8204658e+001
  1.5992637e+002
 -5.3043213e+002
  6.6110048e+002
 -9.3131502e+001
 -4.2232747e+002
  4.7862816e+002
 -4.6593830e+002
  3.2084660e+002
 -3.0151990e+002
  6.7259936e+002
 -7.0526087e+002
  1.7830827e+002
  2.8027583e+002
 -3.6332781e+002
  4.3584739e+001
  4.5487077e+002
 -6.7686850e+002
  1.6093800e+002
  4.3790144e+002
  1.0883555e+002
 -6.5885849e+002
 -1.2932990e+002
  9.0120901e+002
 -8.4460998e+002
  6.3600561e+002
 -1.8625410e+002
 -2.6359992e+002
  2.5004620e+002
 -3.0562335e+002
  4.5272915e+002
 -1.5249831e+000
 -4.2401796e+002
  3.5851334e+002
 -7.1381076e+002
  7.2968843e+002
 -1.5037723e+002
 -1.2701542e+002
  3.0464237e+002
 -1.1512036e+002
  2.6550842e+002
 -1.0487546e+003
  1.0528033e+003
 -5.2718404e+002
  2.6897126e+002
 -1.9916462e+002
  2.3740954e+002
 -4.2413393e+001
 -3.6825845e+002
  1.2220713e+002
  6.9385077e+002
 -1.1371951e+003
  5.5267019e+002
  2.7005296e+002
 -2.7568024e+002
  4.2643774e+002
 -7.0662786e+002
  3.9684542e+002
 -2.5426320e+002
  2.2391440e+002
  1.8832550e+002
 -3.4852297e+002
  9.3160584e+001
  3.5029850e+002
 -6.5421234e+002
  5.2145848e+002
 -2.3115875e+002
 -1.3206338e+002
  2.6158244e+002
 -2.4634538e+002
  5.4166122e+002
 -3.9830427e+002
 -1.8412456e+001
  3.7687804e+000
 -4.0129708e+001
  2.4756286e+002
 -7.8306257e+002
  9.8001976e+002
 -6.1413222e+002
  6.9574274e+002
 -3.9182608e+002
 -4.3217698e+001
 -3.3971290e+002
  3.3226361e+002
  2.5344093e+002
 -3.4309482e+001
 -3.4797651e+002
 -1.5991589e+002
  1.3079543e+002
 -5.8812397e+001
  4.1333443e+002
 -2.2223235e+002
  2.0021004e+002
 -7.9236352e+001
  1.4535360e+002
 -7.1979704e+002
  8.1028785e+002
 -7.3972829e+001
 -1.0405911e+003
  1.0283429e+003
 -3.5469676e+002
  4.1110172e+002
 -5.0014124e+002
  1.1792495e+002
 -3.5917248e+002
  7.4194201e+002
 -3.7156032e+001
 -3.5942150e+002
  2.4999804e+002
 -6.1183487e+002
  7.4183754e+002
 -6.4682399e+002
  6.7609440e+002
 -3.6355237e+002
  2.3563425e+002
 -2.5263729e+002
 -3.3250284e+002
  4.0068991e+002
  2.0578122e+002
 -4.7205471e+002
  4.3266106e+002
  1.4826318e+002
 -4.1426605e+002
  5.7042644e+001
 -5.3823117e+001
 -3.1839026e+001
  1.1733914e+002
  1.6524247e+002
 -3.6269575e+002
  4.6570023e+002
 -5.4209454e+002
  7.1281313e+002
 -7.8591954e+002
  1.2791789e+002
  3.6858904e+002
 -4.0578387e+002
  5.8343808e+002
 -4.2128406e+002
  2.2036033e+002
 -1.6508466e+002
 -1.5832718e+002
  2.5351940e+002
  3.2680855e+002
 -6.7413995e+002
  1.6612221e+002
  3.2330443e+002
 -9.5225657e+001
 -3.5399080e+002
  1.4849834e+002
  3.8656409e+001
 -2.4264716e+002
  5.7438967e+002
 -1.4670005e+002
 -1.4380070e+002
 -3.2747828e+001
  9.2442576e+001
  1.3630459e+002
  1.2090005e+002
 -6.5095336e+002
  6.5670800e+002
 -5.6384512e+002
  3.2654839e+002
 -1.3357200e+002
 -2.9032669e+002
  4.3525423e+002
 -2.3715841e+002
  6.3781508e+002
 -1.9833010e+002
 -9.0200385e+002
  7.8475303e+002
 -1.0394253e+002
  2.3522894e+002
 -5.6532963e+002
  4.6408029e+002
 -3.2982771e+002
  2.5002671e+002
 -1.5572953e+002
 -3.9472789e+002
  3.6368124e+002
  5.7943170e+002
 -5.0669660e+002
 -2.4573129e+002
  2.2420138e+002
  5.0240090e+002
 -6.3866798e+002
  2.3370499e+002
 -3.9753434e+002
  1.5532673e+002
  5.0051858e+002
 -5.3143276e+002
  4.6966632e+002
 -3.2934365e+002
 -2.9041307e+002
  5.6377452e+002
 -2.8815249e+002
  6.0454353e+000
  4.5776288e+002
 -7.7453385e+002
  7.0484046e+002
 -6.7132492e+002
  3.6581301e+002
 -1.0966136e+002
  2.7489123e+002
 -2.4869226e+002
  3.0865966e+002
 -2.9774711e+001
 -4.0396802e+002
 -4.8908725e+001
  4.7187426e+002
 -3.4700806e+002
 -7.5734538e+001
  8.9474888e+001
  4.3325693e+002
 -1.7786741e+002
 -1.7591955e+002
 -4.9921326e+002
  1.2729885e+003
 -1.1624808e+003
  5.1898545e+002
 -1.5358720e+002
  3.8770920e+002
 -4.0085107e+002
 -5.5357275e+002
  1.2847519e+003
 -1.3288597e+003
  1.0241839e+003
 -3.8036657e+002
  3.9283411e+001
  8.7133136e+001
 -4.3930516e+002
  5.3577457e+002
 -3.5454037e+002
  2.7775853e+001
  2.4107951e+002
 -4.9059129e+001
 -3.4333476e+002
  7.6678267e+002
 -5.3643152e+002
 -1.1991647e+002
  4.9439141e+002
 -8.2530160e+002
  7.2557325e+002
 -2.8402337e+002
  9.5084367e+001
 -5.6313753e+002
  1.0364506e+003
 -6.3914127e+002
  2.1603740e+002
 -2.3028595e+002
  1.5597272e+002
 -1.6292406e+002
  5.2765012e+002
 -5.5622120e+002
  4.6540208e+002
 -7.1403026e+002
  2.8059632e+002
  2.4161894e+002
  1.4541003e+002
 -5.2192607e+002
  4.8101436e+002
 -2.8351878e+002
 -5.6588197e+001
  5.5642511e+002
 -5.7262064e+002
  5.8254080e+001
 -5.4618074e+001
  2.4152779e+002
 -1.1192364e+002
  7.9054261e+001
 -5.3171454e+002
  7.6775792e+002
 -4.1953534e+001
 -5.3848542e+002
  7.9310321e+002
 -1.1256404e+003
  1.2288608e+003
 -1.1703801e+003
  1.0108160e+003
 -7.5011249e+002
  5.1310375e+002
 -5.2990571e+002
  4.9002789e+002
 -2.2620545e+002
 -3.9235774e+002
  9.8698450e+002
 -9.2323446e+002
  6.9814562e+002
 -3.9728943e+002
 -2.6354563e+002
  4.9411305e+002
 -1.5137737e+002
 -1.5053960e+002
  4.9371247e+002
 -4.3379008e+002
 -2.9114871e+001
  1.4714341e+002
 -1.7360052e+002
  6.7801971e+002
 -7.0763110e+002
  2.4188788e+002
 -1.3278195e+001
 -4.8744933e+002
  6.3514587e+002
 -8.2677826e+001
 -2.9546142e+002
  4.8158388e+002
 -4.1190797e+002
 -2.0633663e+002
  7.1908643e+002
 -1.0606459e+003
  1.2154569e+003
 -8.1816551e+002
  3.8717902e+002
 -2.4591399e+002
 -6.1498309e+000
 -4.7005806e+001
  1.6407419e+002
  3.2912635e+002
 -3.7834090e+002
 -3.6014761e+001
 -2.0024148e+002
  4.3642163e+002
  3.5923672e+002
 -6.9058181e+002
  2.6018572e+002
 -1.1569461e+002
 -2.9671030e+002
  5.7055431e+002
 -6.5426692e+002
  6.3067399e+002
 -1.7382189e+002
 -3.9830412e+002
  8.5575873e+002
 -6.5043212e+002
  1.0291173e+002
  3.0157809e+002
 -4.1848217e+002
  4.8929751e+002
 -8.1490790e+002
  3.1664239e+002
  4.9334394e+002
  1.8431423e+002
 -1.3192862e+003
  1.4513880e+003
 -6.3509337e+002
 -7.9982626e+001
 -3.7633335e+001
  3.4399703e+002
 -1.1175238e+003
  1.6898395e+003
 -1.1626554e+003
  4.0388064e+002
  2.6826674e+002
 -2.9177664e+002
 -5.3850753e+002
  7.1355767e+002
  1.7601933e+002
 -5.3090321e+002
  1.3075413e+002
 -1.1760454e+002
  8.1987758e+001
  6.2688903e+001
  1.0801638e+001
  1.3074631e+002
 -4.1430317e+002
  7.8516714e+002
 -1.0935507e+003
  8.6749373e+002
 -4.3767073e+002
  4.9408881e+002
 -2.2513772e+002
 -3.7468622e+002
  2.7521632e+002
 -1.5121012e+001
  5.9876024e+001
 -1.5234662e+002
  1.3123912e+002
  2.1934768e+002
 -1.3402921e+002
 -4.8678646e+002
  4.2300715e+002
 -1.2230305e+002
  4.6288218e+002
 -5.6468354e+002
 -2.6790842e+000
 -6.0835410e+001
  7.4066522e+002
 -7.7632802e+002
  2.4829268e+002
  4.3332482e+000
  2.3375274e+002
 -2.1823762e+002
 -5.5176242e+001
 -7.0414128e+001
  3.9515023e+001
 -2.3439218e+002
  1.0539852e+003
 -1.2548145e+003
  5.0796930e+002
  2.4047389e+002
 -5.8741741e+001
 -2.9043043e+002
  1.1826768e+002
 -1.8178266e+002
  2.5023344e+002
 -1.6180712e+002
  2.5461045e+002
 -2.9325506e+002
  2.7066135e+002
 -5.1676682e+002
  8.8043032e+002
 -7.8900713e+002
 -1.8198394e+001
  8.7503096e+002
 -6.9896145e+002
 -9.9040750e+000
  2.7629825e+002
 -3.0948331e+002
  3.0512056e+002
 -3.4693023e+002
  5.3259283e+002
 -1.3112249e+001
 -8.0864421e+002
  7.3502591e+002
 -3.1198893e+002
 -3.5805113e+001
  6.3349959e+002
 -8.3223355e+002
  1.2615869e+002
  7.6582647e+002
 -8.0802618e+002
  1.7263521e+002
 -6.3977807e+000
 -1.6481496e+002
  6.3076466e+002
 -6.4057487e+002
  8.8179091e+001
  1.8469816e+002
  4.9031733e+001
 -1.8035229e+002
 -1.0611199e+002
  4.9531842e+002
 -5.9156639e+002
  2.6530563e+002
  4.9304869e+002
 -4.7452841e+002
 -1.8304832e+002
  4.7312279e+002
 -9.0553967e+001
 -5.6795729e+002
  3.5293213e+002
  8.0612913e+001
  1.8509089e+002
 -3.4649474e+002
 -1.7157120e+002
  4.5553419e+002
 -9.5291283e+001
  1.7328803e+000
 -1.1857486e+002
 -3.6672134e+001
  2.3577150e+001
  2.5694367e+002
 -1.4248350e+002
 -2.6750543e+002
  1.8419871e+002
  4.9735601e+001
  1.0466906e+002
  7.9502132e+001
 -5.0779938e+002
  8.9700666e+001
  1.8022493e+001
  4.4892338e+002
 -2.2281387e+002
 -6.1598251e+001
  9.6578770e+001
  1.1371440e+002
 -2.2500585e+002
  1.4865255e+002
 -3.0887910e+002
  1.3445372e+002
 -6.5731023e+001
  3.8210335e+002
 -1.3971188e+002
 -3.6805202e+002
  6.1113657e+002
 -4.3192611e+002
  1.9157493e+002
 -4.4648232e+002
  2.7940576e+002
  3.2164350e+002
 -4.2289401e+002
 -2.1684427e+001
  2.5978080e+002
  1.9328928e+001
 -1.7071271e+002
  1.1521368e+002
  1.7630275e+002
 -5.8165941e+002
  3.0432241e+002
  1.5877340e+002
 -1.2444937e+002
  1.0943138e+001
  1.9338013e+001
  1.4925901e+002
 -3.3099024e+002
  1.5212229e+002
 -1.5780935e+002
  7.9167765e+002
 -6.4599430e+002
 -4.0685998e+002
  3.4225544e+002
  2.5927796e+002
  1.4002340e+002
 -4.2837864e+002
 -1.9285109e+002
  2.7370764e+002
  1.4891082e+002
  3.3199146e+002
 -8.2221290e+002
  8.6558468e+002
 -9.1451669e+002
  5.0375543e+002
 -2.4552888e+002
  3.5363065e+002
  4.5265543e+000
 -3.2910003e+002
  1.1146026e+002
  3.1108928e+002
 -6.3683462e+002
  5.9981835e+002
 -6.3843588e+002
  5.2567492e+002
  7.1781929e+001
 -7.4046110e+001
 -9.5122878e+000
 -6.2987411e+002
  4.3113796e+002
  2.9501270e+002
 -3.8570483e+001
 -3.8514389e+002
  2.9810904e+002
 -1.2858297e+002
 -2.4705506e+002
  6.7726331e+002
 -4.5038409e+002
  3.2296476e+002
 -3.4923845e+002
 -2.6001145e+002
  6.6628413e+002
 -5.6190044e+001
 -7.4173098e+002
  4.7929172e+002
  1.4417113e+001
 -7.3580400e+001
  3.6151428e+002
 -5.0507284e+002
  3.2775637e+002
 -2.6047420e+002
  4.0123990e+002
 -4.9171119e+002
  3.2364244e+002
 -5.2533206e+002
  8.4281893e+002
 -5.2036881e+002
  1.0019565e+002
  2.0028669e+002
 -5.3009007e+002
  4.9295825e+002
 -2.7959905e+002
  4.6562594e+002
 -3.1510777e+002
 -2.9687287e+002
  2.4204247e+002
  4.2141686e+001
 -8.6597988e+001
  2.5477032e+002
 -1.4555405e+002
  1.5196464e+002
 -4.1667851e+002
  1.3390274e+002
 -4.3431047e+001
  5.3473408e+002
 -6.3899802e+002
  1.8994847e+002
 -1.8456021e+001
  3.1690839e+002
 -5.6323931e+001
 -3.2250041e+002
  2.0714353e+002
 -2.2934094e+002
  4.7979239e+002
 -5.2147797e+002
  1.8279472e+002
 -2.5856167e+002
  2.3027806e+002
  1.3323600e+002
  1.4538634e+002
 -2.5164952e+002
  2.4137300e+002
 -8.3445785e+002
  1.2425016e+003
 -1.1698394e+003
  9.3057869e+002
 -6.3479487e+002
  2.9668772e+002
 -2.6103610e+002
  8.1953724e+001
  4.5334651e+002
 -6.4862006e+002
  8.7027360e+002
 -5.6990957e+002
 -3.8311674e+002
  4.2145460e+002
  5.7367815e+001
  2.8103754e+002
 -8.4407651e+002
  3.9483780e+002
  3.0361893e+002
 -1.4930751e+002
  1.0944218e+002
 -3.4040906e+002
 -8.3946246e+001
  4.4040806e+002
 -1.7071079e+002
 -1.3462262e+002
  3.8161493e+002
 -3.4239058e+002
  2.4718236e+002
 -1.0267370e+002
 -3.1627806e+002
  1.0631264e+000
  5.0519803e+002
 -5.2016462e+002
  6.0824341e+002
 -4.9367714e+002
  2.7380002e+002
 -3.6613123e+002
  2.1616279e+002
  2.4549887e+002
 -1.5945451e+002
  3.4402382e+002
 -6.9137182e+002
 -1.8497810e+002
  2.3991047e+002
  5.5123184e+002
 -2.4685880e+002
 -1.7446429e+002
  5.3888177e+002
 -9.8349538e+002
  7.1957342e+002
  2.9399731e+001
 -3.7397388e+002
  1.5699068e+002
  4.9382398e+000
 -1.6348743e+002
  3.3725093e+002
 -1.6514896e+002
 -2.6715527e+002
  1.0105057e+003
 -1.2791476e+003
  9.0086587e+002
 -6.9946011e+002
  6.5109303e+001
  9.2151895e+002
 -1.0163941e+003
  5.3992535e+002
 -4.9888625e+002
  4.2543738e+002
  2.0104724e+002
 -6.6913428e+002
  3.2708223e+002
  3.8808094e+002
 -4.2391742e+002
 -3.2486606e+002
  7.4910654e+002
 -6.0011427e+002
  1.2860144e+002
  2.3326748e+002
 -2.0577481e+002
  4.6456242e+002
 -6.4030155e+002
  1.4351046e+002
  1.9816321e+002
 -2.0357302e+002
  8.3543015e+002
 -1.2069487e+003
  6.2524698e+002
 -1.3334107e+002
 -1.7462774e+002
  4.1615151e+002
 -3.5387732e+002
  4.2411535e+002
 -5.1429413e+002
  1.3367328e+002
  1.8595201e+002
 -8.4488501e+000
 -3.8820386e+002
  1.7239453e+002
  3.4195397e+002
  1.0642237e+002
 -5.7453222e+002
  2.6901471e+002
  4.6159706e+002
 -9.3886747e+002
  2.6779045e+002
  1.6943754e+002
  5.6055487e+002
 -8.9698443e+002
  1.3214366e+002
  5.1010423e+002
 -5.5545502e+002
  6.0903017e+002
 -7.4291189e+002
  3.0645737e+002
  2.1176199e+002
  7.8943511e+001
 -2.2589709e+002
  1.4570942e+002
 -1.5971505e+002
 -1.7205119e+002
  3.2154163e+002
 -1.2236615e+002
 -1.2949892e+002
  2.0066721e+002
  1.3416158e+001
 -2.2224122e+002
  3.3626072e+002
  8.6378619e+001
 -5.1210701e+002
 -1.5302255e+002
  8.1649668e+002
 -2.3325294e+002
 -4.6458880e+002
  4.0325081e+002
 -3.8675426e+002
  1.8739428e+002
  3.3059680e+002
 -4.7514283e+002
  4.8213539e+002
 -2.3285349e+002
  1.5441825e+002
 -3.8769862e+002
 -1.7471877e+002
  6.0262460e+002
 -4.1154051e+001
 -1.9697787e+002
 -1.6553224e+001
 -2.4355912e+002
  4.4265708e+002
 -2.0744874e+002
  3.9483728e+001
  5.1101330e+001
  2.5058500e+002
 -9.0972760e+002
  1.1953542e+003
 -3.8416314e+002
 -6.4713887e+002
  2.0433232e+002
  3.8718814e+002
 -1.0576287e+002
 -6.8315010e+001
 -8.7136121e+001
  1.0798186e+002
 -7.5511767e+001
  3.8536376e+002
 -2.7136840e+002
 -3.9304695e+002
  5.8418528e+002
 -1.5085903e+002
  1.1460699e+001
 -1.1287020e+002
 -1.0865317e+002
 -5.7810975e+001
  5.2425571e+002
 -8.6000240e+002
  5.3468208e+002
  4.1528833e+001
  1.7953752e+002
 -1.2344190e+002
 -4.0243542e+002
  5.0319539e+002
 -2.5912929e+002
 -1.0463519e+002
  7.2684969e+002
 -1.1596265e+003
  9.2488849e+002
 -9.3723580e+001
 -5.3411814e+002
  4.2271462e+002
 -1.4058764e+002
  2.6089041e+001
 -3.3195899e+002
  5.8923708e+002
 -3.0853581e+002
 -1.0858595e+002
  4.4774499e+002
 -7.5762587e+002
  1.1625086e+003
 -1.1634499e+003
  4.9719676e+002
 -3.0575235e+002
  3.2506317e+002
 -9.8809166e+001
  2.5803721e+002
 -6.9390380e+002
  9.4175779e+002
 -5.6503268e+002
  2.3616445e+002
 -5.3506314e+002
  8.4325929e+002
 -3.5390977e+002
 -3.1976641e+002
 -2.4907100e+002
  9.4250337e+002
 -3.7107300e+002
 -2.5024138e+002
  1.1054264e+002
  1.4721021e+002
 -2.5996515e+002
  5.6158125e+002
 -4.2952370e+002
  4.4698171e+002
 -1.1557172e+003
  4.5985960e+002
  5.1560699e+002
 -2.1961250e+002
 -1.6791422e+002
  3.8318266e+002
 -1.8582792e+002
 -2.2943989e+002
  8.5827295e+001
  2.4740092e+001
  5.0268780e+002
 -6.1316123e+002
  5.0493102e+002
 -6.6890092e+002
  4.5405263e+002
 -3.5265948e+002
  2.3457272e+002
 -9.9432303e+001
  3.2758986e+001
  4.4475017e+001
  7.2457104e+002
 -1.1075645e+003
  6.7339369e+002
 -6.6895518e+002
  6.7488734e+002
 -2.6367753e+002
 -2.0366152e+001
  8.2198882e+001
 -1.7863163e+002
 -1.8112841e+002
  3.5929108e+002
  6.4749789e+001
 -5.8925480e+001
  4.9743565e+002
 -1.0722471e+003
  3.0475404e+002
  1.8548668e+002
  3.4075382e+001
  2.5223988e+002
 -4.7120617e+002
  3.2216323e+002
 -5.1272270e+002
  3.5050985e+002
  1.3980479e+002
  1.0240717e+002
 -3.6134285e+002
  4.6157336e+002
 -7.6482929e+002
  5.8675598e+002
  1.0508435e+002
 -4.3739338e+002
  3.4597115e+002
 -2.7705660e+002
  3.9683222e+002
 -4.5096232e+002
  3.7539183e+002
 -5.5474073e+001
 -2.6295693e+002
  9.1587735e+001
 -2.0899000e+002
  6.1744513e+002
 -7.0896818e+002
  6.5174159e+002
 -7.0700116e+002
  5.9264080e+002
 -1.4949769e+002
  1.6529552e+002
 -2.2579099e+002
 -1.7206711e+002
 -1.1279126e+002
  5.4375409e+002
 -3.0482602e+001
 -5.9675750e+002
  5.8316982e+002
 -3.9573973e+002
  4.8155931e+002
 -4.3651392e+002
  4.6973761e+002
 -4.3793944e+002
 -1.8819987e+002
  3.4029504e+002
 -1.6604089e+002
  2.7253389e+002
 -7.4197428e+001
 -1.7598792e+002
  9.7205981e+001
 -5.2402696e+001
 -2.3740713e+001
  2.5673303e+002
  1.5537970e+001
  5.1061370e+001
 -3.7000645e+002
  1.6596754e+002
 -8.3542344e+001
 -3.5407429e+002
  8.8671886e+002
 -7.9896081e+002
  7.5143655e+002
 -6.7149937e+002
  1.9511901e+002
  1.4002763e+002
 -4.1227774e+002
  5.8780720e+002
 -5.8653743e+002
  6.9875271e+002
 -2.8037974e+002
 -4.6453109e+002
  1.0471302e+002
  3.7134915e+002
 -5.9659752e+001
  3.2244719e+001
 -2.9333656e+002
  2.7121193e+002
  2.7535045e+002
 -4.3293878e+002
  2.9818978e+002
 -3.5358037e+002
 -4.1747626e+001
  2.6796077e+002
  2.0737722e+002
 -7.4180053e+002
  5.0788725e+002
 -8.4168195e+001
  2.0637262e+002
 -3.0462978e+002
  2.2412443e+002
 -1.0023715e+002
  1.3048064e+002
 -6.2717435e+001
  1.3774186e+002
 -4.5032293e+002
  3.5650345e+002
 -8.9874463e+001
 -9.0862532e+001
 -7.9749087e+001
  5.1344650e+002
 -6.7128010e+002
  4.1408760e+002
  1.8085811e+002
 -1.4192674e+002
 -8.1301997e+002
  9.4196549e+002
 -4.8999453e+002
  2.9997194e+002
  8.7505987e+001
 -4.4189033e+002
  2.7773155e+002
  1.3152581e+002
 -3.0014234e+002
  2.9137407e+002
 -1.9599177e+002
  4.5236973e+002
 -8.3018020e+002
  1.0151688e+003
 -8.2056732e+002
  3.3173546e+001
  4.3700978e+002
 -4.0202714e+002
  1.6706133e+002
  2.6064739e+002
 -5.2616140e+002
  3.8960536e+002
 -5.9633753e+001
 -2.2248678e+002
  4.0131227e+002
 -5.7444567e+001
 -4.9363980e+002
  3.0240630e+002
  3.3213282e+002
 -7.5889927e+002
  9.6989359e+002
 -5.7224215e+002
 -2.2817982e+002
  8.2422115e+002
 -7.1479363e+002
 -1.9071444e+001
 -1.2215941e+002
  2.7420190e+002
  4.8676294e+002
 -4.8060763e+002
 -1.7906283e+002
  9.6272536e+001
 -2.0314773e+002
  7.7175828e+002
 -5.4596983e+002
  3.4230807e+002
 -1.3712144e+002
 -3.3828759e+002
  2.0045149e+002
  2.4076263e+002
 -6.1238880e+002
  3.5097970e+002
  2.5354817e+002
 -4.0139099e+002
  5.8030895e+002
 -2.2447974e+002
 -1.7498711e+002
 -3.2858154e+002
  4.9396474e+002
 -3.1090028e+002
  3.3233869e+001
  2.3648830e+002
 -1.2194986e+002
  4.7373248e+002
 -7.0064421e+002
  1.7694057e+002
 -2.9317876e+002
  6.2973293e+002
  7.8191409e+001
 -1.0009378e+003
  8.8139681e+002
 -1.3657459e+002
  2.7889254e+000
 -4.4018703e+002
  7.5450668e+002
 -1.0240059e+003
  1.0900194e+003
 -3.2261636e+002
 -8.3499741e+001
 -2.8552811e+002
  1.3828642e+002
  1.5927384e+002
 -2.0884001e+001
 -3.2312247e+002
  5.2756929e+002
 -4.8162245e+002
  3.2102807e+002
 -2.8996874e+002
  6.2146069e+002
 -9.4862122e+002
  9.0878525e+002
 -4.3913628e+002
 -3.3681391e+002
  2.3493744e+002
  5.7406341e+002
 -5.6154048e+002
  4.1037682e+002
 -2.0294391e+002
 -6.4116256e+002
  6.4942564e+002
  7.0737318e+001
 -6.2119109e+001
  4.7197956e+001
 -2.8402417e+002
 -2.7194775e+002
  7.6314552e+002
 -5.1361134e+002
  2.5916699e+002
  1.8999948e+002
 -2.1466163e+002
 -6.2908706e+002
  7.2563851e+002
 -6.9329117e+002
  1.1319956e+003
 -7.6784510e+002
  2.6328577e+002
  5.6926889e+001
 -1.2740632e+002
  3.7968986e+000
 -4.4254898e+002
  7.2367823e+002
 -2.3616378e+002
 -2.4234333e+002
  2.6156845e+002
 -2.1460854e+002
  4.6547789e+002
 -4.9023805e+002
 -1.1539346e+002
  4.2179682e+002
 -1.9475111e+002
 -4.7314085e+002
  6.1896071e+002
  1.8659887e+002
 -1.0900761e+002
 -2.5132335e+002
 -5.7878457e+002
  1.1096325e+003
 -5.5550879e+002
  1.2879141e+002
 -2.6896035e+002
  6.0377790e+002
 -3.9141341e+002
  2.1598857e+002
 -2.6494069e+002
 -3.0679686e+002
  4.3603722e+002
 -2.4409037e+002
  4.3066720e+002
 -4.5429926e+002
  1.3809213e+002
 -1.7631500e+002
  6.4190328e+002
 -3.8887801e+002
 -7.4353924e+001
  5.8066360e+001
  4.6224354e+001
 -4.5932962e+002
  5.4257225e+002
  2.2270596e+002
 -6.2621864e+002
  1.8989420e+002
  5.2040075e+002
 -4.1401817e+002
 -1.7381743e+002
  3.2367747e+001
  1.3892608e+002
  2.2258539e+001
 -1.0539247e+002
  2.9113229e+002
 -2.4829964e+002
 -2.3038395e+002
  3.5807025e+002
 -6.7207782e+001
  2.1562010e+002
 -6.4833805e+002
  3.5625321e+002
  3.8958486e+002
 -5.9854786e+002
  2.0690038e+002
 -1.3200804e+002
  4.8049360e+002
 -3.3500226e+002
  5.5275714e+001
  1.5778008e+002
 -5.6540986e+002
  3.2505697e+002
  2.7377879e+002
 -1.9650330e+002
  1.4595774e+001
 -2.4245092e+002
 -5.3483692e+001
  1.0361296e+003
 -9.0315042e+002
 -5.4784303e+002
  1.0232039e+003
 -4.8790912e+002
 -1.1579989e+002
  1.8326737e+002
  3.6898985e+002
 -4.2884178e+002
  2.2124853e+002
 -1.5220323e+002
  2.2658215e+002
  5.6336704e+001
 -6.4640225e+002
  4.1023175e+002
  2.1738042e+002
 -1.7564553e+002
  1.4349696e+002
 -3.6354713e+002
  1.9873238e+002
 -5.6861384e+001
 -3.6049289e+002
  6.7085513e+002
 -1.1172503e+002
 -2.9401625e+002
  1.4344161e+002
 -1.7548773e+002
  2.3667125e+002
 -8.6214492e+001
  1.9244693e+002
 -2.0907670e+002
 -9.8711900e+001
  3.3642986e+002
  1.3240343e+002
 -6.8176926e+002
  5.7461231e+002
 -3.9962871e+002
  2.5764582e+002
 -4.0779112e+001
 -4.0796265e+002
  6.7462678e+002
 -3.8510076e+002
  6.3389352e+001
  3.1553900e+002
 -8.2548559e+002
  7.9146683e+002
 -4.5728168e+002
  2.9885567e+002
 -2.7938579e+002
  5.4890715e+002
 -1.8471721e+002
 -4.3996833e+002
  2.7004494e+002
  8.9783298e+001
 -5.8857008e+002
  5.1955529e+002
 -1.8266933e+001
  5.0532090e+002
 -5.5347123e+002
 -6.4236531e+002
  9.6516269e+002
 -3.8886764e+002
  2.6345005e+002
  9.8410796e+001
 -6.1113232e+002
  3.7945357e+002
 -6.3285383e+002
  1.3677310e+003
 -9.3491053e+002
  2.7366990e+002
 -7.0919377e+002
  8.5570672e+002
  1.2550405e+002
 -6.9959199e+002
  6.3551294e+002
 -5.2175320e+002
 -4.7482608e+002
  1.2235911e+003
 -2.6603549e+002
 -5.5076726e+002
  4.4905986e+002
 -1.1507751e+002
 -8.9517123e+001
 -1.9056500e+002
  8.0989262e+001
  3.0367283e+002
  7.1923669e+001
 -3.5486791e+002
 -3.9910724e+002
  1.0019726e+003
 -5.3457100e+002
 -3.0154889e+002
  8.6554400e+002
 -9.3313040e+002
  6.4262271e+002
 -1.7492233e+002
 -3.9669548e+002
  5.0873379e+002
 -2.0560637e+002
  3.7301706e+001
  2.5277682e+001
  1.9018916e+002
 -1.5751103e+002
 -3.9854495e+002
  5.5622990e+002
 -6.6166707e+002
  8.4670410e+002
 -5.3714125e+002
 -1.6168754e+002
  6.8989997e+002
 -4.7241447e+002
  1.9186837e+002
 -4.5675129e+002
  6.0632565e+002
 -4.4168433e+002
  4.8997091e+002
 -5.9120841e+001
 -5.7219026e+002
  7.5408386e+001
  3.4072743e+002
  1.0496492e+002
 -2.4381455e+002
  2.3093639e+002
 -5.1632333e+002
  6.3618816e+002
 -5.3758370e+002
  5.2631420e+002
 -5.4293364e+002
 -4.9730421e+001
  5.9583863e+002
 -3.5478023e+002
  1.9485735e+002
  5.9169201e+001
 -7.1155464e+002
  4.7865882e+002
  2.7045273e+002
 -2.4063326e+002
  1.9112094e+001
  3.3235293e+002
 -6.5563522e+002
  1.9175745e+002
  5.1356435e+002
 -8.6596989e+002
  8.6905571e+002
 -5.5488596e+002
  3.0960864e+002
 -2.6377834e+002
 -1.4873642e+002
  6.3713944e+002
 -6.4717292e+002
  3.9669410e+002
 -2.1040761e+002
  2.1110989e+002
 -4.5657407e+002
  2.7211161e+002
  3.5485216e+002
  1.0109598e+002
 -8.0509204e+002
  1.4342207e+002
  5.1134711e+002
 -1.4391265e+002
 -1.5866445e+002
  6.3389942e+002
 -1.1478180e+003
  6.1581640e+002
 -6.4769757e+001
 -5.0173186e+001
  3.3138500e+002
 -2.2966052e+002
 -4.7686058e+002
  7.0181405e+002
 -3.0374222e+002
 -1.9730668e+002
  4.4960717e+002
 -4.1367407e+002
  3.0109220e+002
  1.3678697e+001
 -1.4908840e+002
  2.1436755e+002
 -5.0075084e+002
  2.4906217e+002
  1.4514003e+002
 -1.2105897e+000
  1.4946319e+002
 -2.7978356e+001
 -4.2346726e+002
 -1.1851336e+002
  4.8323245e+002
  8.3323955e+001
 -1.0730777e+002
 -9.3551347e+001
 -4.5099356e+001
 -1.0072257e+002
  1.5990933e+002
  5.6465835e+001
 -2.7039633e+001
 -2.6717656e+002
  1.5490873e+002
  1.3571789e+002
  2.5352940e+002
 -3.7927027e+002
 -3.7202847e+002
  5.7600356e+002
 -7.5830218e+000
 -8.5865200e+002
  9.7870617e+002
 -1.7146959e+002
  3.3175806e+001
 -1.0641528e+002
 -4.7436183e+002
  1.0636024e+003
 -9.7068334e+002
  4.2140341e+002
 -7.9890008e+001
  1.5649876e+002
 -5.2045359e+002
  5.2815928e+002
  3.7927242e+002
 -9.0366820e+002
  3.2338647e+002
  2.0499578e+002
 -2.2668298e+002
 -1.4927528e+002
  4.4400937e+002
 -5.1604175e+002
  8.2294642e+002
 -6.2089283e+002
  5.1203553e+001
 -1.0719381e+002
  1.6244935e+002
 -1.1751537e+002
  1.7450039e+002
 -1.2367903e+001
 -1.3262839e+002
 -5.1346889e+001
  2.3655095e+002
  3.8175188e+002
 -6.5093148e+002
  3.6484346e+002
 -9.7804854e+002
  1.2238455e+003
 -5.0461417e+002
  3.9039801e+002
 -5.4630697e+002
 -1.3970552e+002
  7.5679786e+002
 -9.7930029e+002
  1.2250172e+003
 -7.1019975e+002
 -2.8421050e+002
  7.3203221e+002
 -2.0854343e+002
 -7.8909427e+002
  9.4736166e+002
 -4.8631204e+002
  1.3828448e+002
 -3.4140785e+002
  5.6982160e+002
 -2.0261725e+002
 -4.5019574e+001
  4.7348239e+002
 -7.4537044e+002
  1.5871398e+002
  2.2724930e+002
 -2.5735943e+001
 -2.2976450e+002
  6.9558652e+002
 -6.2539851e+002
 -2.8587871e+002
  6.9033092e+002
 -5.4803299e+002
  2.1422022e+002
 -7.8322218e+000
 -9.2833004e+001
  1.6948524e+002
 -1.8935659e+002
  3.4263068e+002
 -4.4681049e+002
  3.0885853e+002
  6.5509126e+001
 -4.6762320e+002
  7.5972004e+002
 -5.3516535e+002
  1.9703381e+002
 -3.1819561e+002
  7.6973883e+002
 -6.1492465e+002
 -3.5919596e+001
  8.3983518e+001
  4.7611283e+001
  5.0329694e+001
  9.5714000e+000
  6.1064843e+001
 -1.1885342e+002
 -5.0033492e+002
  1.0666594e+003
 -1.0682553e+003
  5.3881521e+002
 -1.2781904e+002
  3.8802823e+002
 -5.7695543e+002
  3.1524384e+002
 -2.1102914e+002
  4.5292082e+002
 -7.8584663e+002
  6.6274382e+002
  1.5099636e+001
 -1.4901274e+002
  1.6276162e+002
 -5.1077353e+002
  3.3060016e+002
 -7.3988324e+001
  2.3674483e+002
 -3.6328655e+002
  4.9290665e+002
 -1.1933328e+002
 -3.0389227e+002
 -3.8900515e+002
  6.7813402e+002
  2.0873759e+002
 -5.8834518e+002
  8.8051274e+001
  2.4101940e+002
 -4.9295901e+002
  7.0227246e+002
 -2.7857028e+002
 -7.1334314e+000
 -7.2952421e+001
 -4.0328569e+001
  4.5230130e+002
 -9.7727236e+002
  8.0250849e+002
 -5.7425102e+002
  4.7327252e+002
  3.5521491e+002
 -8.1573453e+002
  6.8028857e+002
 -3.4108483e+002
 -1.2901418e+002
  3.6030782e+002
 -2.9162983e+002
 -1.9140935e+002
  5.5330964e+002
 -2.3787160e+002
 -6.6098435e+002
  6.9116042e+002
 -9.6515283e+001
  1.4085845e+002
 -4.3952367e+000
 -4.0112151e+002
  2.1497164e+002
  5.0953431e+002
 -9.5809509e+002
  1.2618745e+003
 -7.7144934e+002
 -1.8762394e+002
  1.9436721e+002
 -1.9389771e+002
  1.7036667e+002
  3.2770231e+002
 -6.2483090e+002
  3.9107655e+002
  3.7891791e+002
 -8.4918642e+002
  3.1943259e+002
  5.2028563e+002
 -5.2249491e+002
 -2.1544010e+002
  7.8406307e+001
  7.5438896e+002
 -5.2567735e+002
 -1.6622145e+002
  3.3247717e+002
 -4.0588791e+001
 -4.5756434e+001
  2.4655937e+000
 -7.9160085e+002
  1.0171826e+003
 -2.8027103e+002
 -2.4438059e+001
  2.3141951e+002
 -4.9859656e+002
  1.4111223e+002
  6.9937589e+002
 -9.7680032e+002
  4.4770957e+002
 -6.7652442e+001
  9.0289451e+001
 -1.4546980e+002
  3.8401693e+002
 -6.2894291e+002
  3.8997322e+002
  4.7859312e+001
 -2.8232272e+002
  3.7746500e+002
 -2.2047427e+002
 -1.7393374e+002
  3.6793026e+002
  4.1229105e+001
 -2.1808886e+002
 -1.7455363e+002
 -3.6389025e+002
  4.5853044e+002
  5.6135041e+002
 -1.8693092e+002
 -6.1764975e+002
  1.8291365e+002
 -2.3654712e+002
  5.5602482e+002
  2.5186049e+002
 -2.7666679e+002
 -3.0460906e+002
  2.7259560e+002
 -6.2404855e+002
  8.5601403e+002
 -4.0872995e+002
  1.8970074e+002
 -4.5002313e+002
  6.3163961e+002
 -6.5490786e+002
  6.8355131e+002
 -5.5347387e+002