-1.4118499e+002
3.5597137e+001
  5.5728173e+000
 -2.0798881e+002
  2.4068152e+002
  9.8136900e+001
 -1.9580134e+002
  1.8197837e+002
 -1.7466171e+002
  3.0241134e+001
 -1.0949089e+001
 -1.7830804e+001
  8.5326091e+001
  3.3255945e+000
 -1.0947687e+002
  1.5473237e+002
 -1.3011801e+002
 -3.1866114e+001
  2.6431665e+002
 -2.3466570e+002
  9.1290586e+001
 -5.8530329e+000
 -1.8177826e+002
  2.3030349e+002
 -1.1211291e+001
 -1.1012220e+002
 -7.7566558e+001
  1.3449347e+002
  1.1549301e+001
  6.7723199e+001
 -1.5868826e+002
  8.6448087e+001
 -1.5843487e+002
  2.4736853e+002
 -2.0200649e+002
  3.7674238e+001
  6.8997379e+001
  2.0927064e+001
  6.9712025e+001
 -3.1840513e+002
  4.1757700e+002
 -2.4519624e+002
 -2.4422139e+000
 -5.8578345e+000
  7.1008915e+001
  3.5241382e+001
 -5.0457843e+001
  1.8392834e+001
 -9.3837930e+001
  5.8665065e+001
 -3.2025689e+000
  2.2362306e+001
 -6.4944255e+001
  8.7826439e+001
 -1.0993980e+001
 -4.3431361e+001
 -9.3190417e+001
  2.0068186e+002
 -1.4766902e+002
  1.4037130e+002
 -6.3832906e+001
 -1.3955727e+002
  1.6495578e+002
  2.5654272e+001
 -1.8400165e+002
  2.0643861e+002
 -1.0200843e+002
  8.7956487e+000
  6.9722275e+000
 -3.1369450e+001
  1.2427164e+002
 -2.1256703e+002
  2.8711690e+002
 -3.1301995e+002
  2.0352263e+002
 -1.5474938e+002
  1.7527486e+002
 -1.9253689e+002
  1.9824056e+002
 -7.5902690e+001
 -8.4028804e+001
  1.0630487e+002
 -2.7022574e+001
 -7.6205047e+000
 -8.2744043e+001
  1.5767747e+002
 -9.8560975e+001
  4.9631320e+001
 -5.1865424e+001
  5.9364073e+001
 -1.1041455e+002
  8.9085942e+001
 -4.8068075e+001
  6.7670363e+001
 -3.8211186e+001
  1.2089175e+001
 -8.6277028e+001
  1.7442657e+002
 -8.2260937e+001
 -5.0309393e+001
  7.5935891e+001
  1.4525097e+001
 -9.4964388e+001
  3.9480142e+001
 -5.7242142e+001
  5.5067542e+001
  4.6437714e+001
 -6.7859279e+001
  9.0236676e+001
 -1.1011710e+002
  5.7321530e+001
 -6.9583923e+001
  4.7138442e+001
  9.1529857e+001
 -8.8136295e-001
 -1.9412516e+002
  4.9719837e+001
  6.6504874e+001
  2.5072762e+001
 -4.8978057e+001
  1.3213715e+002
 -9.1135164e+001
 -1.1787828e+002
  1.3358528e+002
  2.4609618e+001
 -1.6839822e+002
  6.9142049e+001
  1.0330615e+002
 -6.5121695e+001
  1.0128695e+001
  3.9185093e+001
 -8.9651313e+001
 -6.6722950e+000
  1.6330121e+002
 -2.3549012e+002
  1.0236583e+002
  9.4932520e+001
 -7.5094284e+001
 -8.7567612e+001
  1.3682509e+002
 -4.9588677e+001
  3.2694281e+001
  4.5652057e+000
 -5.9198836e+001
 -2.9397320e+001
  1.2690199e+002
 -1.2763029e+002
  9.1494144e+001
 -5.3394099e+000
 -2.0640066e+002
  2.1383361e+002
  1.8736437e+001
 -1.3977753e+002
  1.3892215e+002
 -8.3342722e+001
  2.4725874e+001
  4.9048610e+000
  9.4396418e+000
 -1.5127029e+001
  3.9816296e+001
 -1.5070042e+002
  1.9410447e+002
 -9.9230833e+001
  7.4306584e+001
 -1.2285920e+002
 -2.1785270e+001
  2.3506579e+002
 -2.5541095e+002
  2.3123567e+002
 -2.4066434e+002
  5.6445992e+001
  1.3904777e+002
 -6.8713947e+000
 -2.3931677e+002
  3.2441720e+002
 -1.8010541e+002
 -4.2688471e+001
  6.7167968e+001
  2.2519049e+001
 -4.4901312e+001
  8.1985444e+000
  4.5595188e+001
 -5.9789858e+001
  6.1629751e+001
 -2.7718087e+001
 -9.0899036e+000
 -3.3580591e+001
  9.6687037e+001
 -8.0265338e+001
 -1.5613059e+001
  5.4021301e+000
  5.9838856e+001
 -4.3825006e+001
  4.7825097e+001
  1.5683051e+001
 -1.0402904e+002
  5.1808742e+001
 -1.1629863e+002
  1.3911714e+002
  6.5411770e+000
 -7.0649354e+001
  1.0671982e+002
 -2.7586135e+001
 -1.1972655e+002
  1.7043587e+002
 -8.1938266e+001
 -8.2339788e+001
  1.4062698e+002
 -3.7647181e+001
 -4.1072873e+001
  5.9342838e+000
  5.0989413e+001
 -7.8333542e+001
 -3.7405102e+001
 -2.2126475e+001
  2.5274858e+002
 -2.2590399e+002
 -4.9819889e-001
  1.7136179e+002
 -8.1652519e+001
 -5.4863342e+001
  3.3818564e+001
  5.9448919e+001
 -1.1303713e+002
  9.4362639e+001
 -1.1221616e+001
 -9.9118062e+001
  2.4383394e+001
  6.2044801e+001
  1.7224112e+001
 -7.4594994e+001
  1.8319663e+001
  9.2036500e+001
 -5.8937119e+001
 -7.0774081e+001
  1.0104594e+002
 -1.4965933e+002
  2.9022935e+002
 -1.6951005e+002
 -3.6183440e+001
 -4.4828570e+001
  8.0074824e+001
 -8.5280926e-001
 -7.8152990e+001
  1.3004097e+002
 -1.0087846e+002
 -2.6002603e+001
  9.0658779e+001
  6.8292644e+001
 -2.5057872e+002
  2.2691235e+002
 -2.8551276e+001
  3.2599518e+001
 -2.3407577e+002
  2.6309983e+002
 -1.0360641e+002
 -8.4071587e+000
 -3.1761481e+000
 -1.0357973e+002
  1.6330387e+002
  3.3627528e+001
 -1.7842093e+002
  2.0764741e+002
 -6.9655085e+001
 -7.6196638e+001
  4.3688828e+001
 -3.6533896e+001
  2.4342030e+001
 -4.8513436e+001
  1.3964797e+002
 -1.8608298e+002
  1.7299609e+002
 -1.2198196e+002
 -2.9899607e+001
  1.7425573e+002
 -1.1847436e+002
  8.9981988e+001
 -1.2184896e+002
  1.1191544e+002
 -9.4008719e+001
  6.6248736e+001
 -7.6757790e+001
  1.0175297e+002
 -1.5596430e+002
  1.3365050e+002
  5.5445927e+001
 -4.9318635e+001
 -6.4955360e+001
 -7.0082709e+000
 -2.0662192e+001
  2.9956273e+001
  1.1461470e+002
 -5.7414376e+001
 -1.0811921e+002
  1.4397461e+002
 -1.5413739e+002
  1.3698558e+002
 -1.4492646e+002
  1.5415766e+002
 -1.0271970e+002
  9.9921980e+001
 -2.1496017e+002
  2.4963791e+002
 -7.3318707e+001
  3.9903470e+001
 -1.5630547e+002
  1.7817437e+002
 -7.7787284e+001
 -3.0785736e+001
  2.3887615e+001
 -8.3612604e-002
 -1.2941896e+002
  1.8900083e+002
 -9.8793407e+001
  2.7361542e+002
 -3.6949865e+002
  1.3002632e+002
  1.7243087e+001
 -1.2378392e+002
  2.3783893e+002
 -1.0690986e+002
 -8.1925166e+001
  1.5480218e+002
 -2.5529716e+002
  1.9988223e+002
 -1.1159992e+002
  1.7813476e+002
 -8.1358622e+001
 -7.9727112e+001
  1.2285508e+002
 -5.4141874e+001
  4.4560182e+001
 -6.2661505e+001
 -3.2877273e+001
  1.7676613e+000
  2.1678101e+001
  1.1244704e+002
 -1.0391562e+002
  3.4195398e+001
 -2.4764757e+000
 -1.0984316e+002
  1.2222644e+002
 -1.2819086e+002
  1.9552070e+002
 -1.7642347e+002
  1.5465950e+002
 -1.3486212e+002
  1.0085349e+001
  1.2632265e+002
 -1.0425837e+002
  1.8773058e+002
 -2.8785442e+002
  8.4814727e+001
  4.3555739e+001
 -9.4757210e+001
  1.6505949e+002
 -5.5793532e+001
 -4.9815726e+001
  1.3475998e+002
 -1.5139244e+002
 -8.5462385e+000
  9.7272020e+001
  8.3095801e+001
 -3.0355720e+002
  2.9899189e+002
 -1.2567922e+002
 -9.1466801e+001
  1.3514063e+002
 -7.2461750e+000
  1.5550702e+001
 -1.0104020e+002
  1.4511269e+002
 -2.3627895e+002
  1.7016791e+002
  4.6467935e+001
 -1.3434693e+002
 -1.1765554e+002
  3.3592606e+002
 -1.6527206e+002
 -5.9960528e+001
  1.3996503e+002
 -4.8240047e+001
 -2.5148607e+001
 -1.0656296e+001
 -2.9303773e+001
  8.7441600e+001
 -9.4342507e+001
  1.2382588e+002
 -1.2736021e+002
  1.3133875e+002
 -1.5629112e+002
  1.9560520e+002
 -1.5757040e+002
  4.4190492e+001
 -1.3633532e+002
  2.9468854e+002
 -1.4788081e+002
 -1.0002026e+002
  1.7128110e+002
 -9.3393746e+001
 -7.8681234e+001
  9.7554989e+001
 -7.1728657e+001
  1.1597094e+002
 -1.1582625e+002
  9.7020452e+001
 -8.4217369e+001
  1.3397228e+002
  4.2102596e+001
 -2.0957928e+002
  5.9363457e+001
 -2.9129925e+000
  6.3244773e+001
 -9.5243853e+001
  7.3591022e+001
 -1.1461162e+002
  2.8340691e+002
 -2.5845448e+002
  9.4852501e+001
 -1.1533196e+002
  1.3528368e+002
 -5.7184944e+001
  6.8384617e+001
 -1.1164139e+002
  2.3246098e+001
  1.6296957e+002
 -1.1461853e+002
 -6.8178954e+001
  9.9431362e+001
 -1.5419476e+002
  1.9664625e+002
 -3.8207503e+001
 -1.1579713e+002
  1.1778596e+002
 -1.0434656e+001
 -1.4615192e+002
  1.6184752e+002
 -1.0935635e+002
  8.1406261e+000
  1.1551433e+002
 -3.5521398e+001
 -8.9479157e+001
  2.3456340e+001
  5.8255170e+001
 -5.1152374e-003
 -2.4538568e+001
  5.2830961e+001
 -1.0485000e+002
  4.4997267e+001
 -3.1836256e+001
  2.6432600e+001
  4.3027495e+001
  2.6681853e+001
 -2.5348457e+001
 -1.1810867e+002
  1.0199230e+002
 -3.8493794e+001
  1.6552998e+002
 -3.1504295e+002
  1.8798260e+002
  5.4739437e+000
 -5.2778978e+000
 -7.4738308e+001
  7.8306446e+001
  3.2656304e+001
 -9.5586418e+001
  9.7434658e+001
 -6.5466942e+001
 -1.2306231e+002
  3.2797478e+002
 -2.3158348e+002
 -1.8641789e+002
  3.6879729e+002
 -1.6347680e+002
 -3.8256578e+001
  2.4534554e+002
 -4.0223805e+002
  2.5205416e+002
  8.1567075e+001
 -1.6517718e+002
  3.3813371e+000
  1.1570940e+002
 -8.7504264e+001
  5.9387898e+000
 -1.4496276e+001
  5.0192396e+001
 -1.0089288e+002
  1.0067282e+002
 -1.0318723e+002
  1.9686182e+002
 -2.2151926e+002
  1.2320126e+002
 -3.0510942e+001
  4.8328144e+001
 -4.2469979e+001
  7.2761558e+001
 -2.1635815e+002
  2.2208868e+002
 -1.1175430e+002
  1.3348969e+001
  7.7394029e+001
 -8.0912199e+001
  5.8446953e+001
 -1.2702407e+002
  2.1185152e+002
 -2.4648136e+002
  1.4139261e+002
 -3.9904359e+001
  9.3387663e+001
 -1.3485693e+002
  1.5320051e+002
 -8.0428182e+001
  9.7405602e+000
 -6.5981117e+001
  1.0046017e+002
 -7.0270669e+001
  3.1597395e+001
 -1.3431518e+001
  1.1271764e+002
 -2.1856391e+002
  1.9311599e+002
 -2.0135105e+002
  9.1989066e+001
  1.0680379e+002
 -1.6232025e+002
  9.4638649e+001
  8.8913075e+000
 -1.2435238e+002
  1.5646839e+002
 -9.9514395e+000
 -8.8153976e+001
  4.4839020e+001
 -6.2625271e+001
  2.3650574e+002
 -2.9799891e+002
  1.5144184e+002
  3.3890233e+001
 -1.9822695e+001
 -8.7404550e+001
 -1.9948558e+000
  1.6366435e+001
  1.3521575e+001
  7.2355125e+001
 -6.1637101e+001
 -4.7367232e+001
  4.2815501e+001
 -1.2476362e+001
  2.0006309e+002
 -2.1709092e+002
 -4.6678840e+001
  4.1251191e+001
  1.5606302e+002
 -1.4625394e+002
  4.4194689e+001
 -3.1897926e+001
  4.4454161e+001
 -9.1857831e+001
  2.0231938e+002
 -3.3796041e+002
  3.9945163e+002
 -3.3038229e+002
  1.2706338e+002
  8.4873376e+001
 -9.5682719e+001
  5.6081127e+001
 -1.0712670e+002
  9.7345132e+001
 -2.1396871e+001
 -4.1389229e+001
  9.0439074e+001
 -1.2820939e+002
  1.4419482e+002
 -1.1137712e+002
  7.6569409e+001
 -6.0551223e+001
  4.4318319e+001
 -4.2603188e+001
  8.1472470e+001
 -1.5097257e+002
  1.8109143e+002
 -1.2849918e+002
  1.2704781e+002
 -2.3110053e+002
  1.7469783e+002
  3.5537006e+001
 -3.1690635e+001
 -6.2865287e+001
 -1.4739869e+001
  4.0721989e+001
 -1.1503065e+001
  8.4811276e+001
 -1.0433140e+002
  4.5977269e+001
  1.3889229e+001
 -1.0940825e+002
  1.1053743e+002
  1.3112004e+001
 -3.6593723e+001
 -2.4766391e+001
  5.9667474e+001
 -2.6675740e+001
 -5.8869861e+001
  6.5783563e+001
 -2.4451484e+001
 -3.6738358e+001
 -3.3121508e+001
  2.2292023e+002
 -3.0188786e+002
  2.5378116e+002
 -5.2525090e+001
 -1.2282759e+002
  9.0642118e+001
  3.9132623e+001
 -9.1908344e+001
  1.2816670e+002
 -2.4178976e+001
 -2.2968802e+002
  2.4381570e+002
 -1.7839073e+002
  1.0006199e+002
 -2.5770893e+001
  4.5203542e+001
 -2.8506698e+001
  6.7671939e+001
 -2.0521626e+002
  2.5775627e+002
 -1.2039616e+002
 -4.5507504e+001
  1.8883655e+002
 -3.7005099e+002
  4.7788951e+002
 -3.9524332e+002
  1.5638270e+002
  1.1026952e+002
 -3.9341305e+001
 -1.3552797e+002
 -1.4509404e+000
  4.3826177e+001
  2.6009997e+001
  3.6836944e+001
 -6.8752829e+001
 -8.2982089e+001
  1.8410336e+002
 -4.0852253e+001
 -4.9858112e+001
 -4.0960109e+001
  1.2712215e+002
 -1.3941567e+002
  1.6053396e+002
 -9.9064797e+001
  1.0444114e+001
  5.3419886e+001
 -2.4516461e+002
  1.9647989e+002
  1.0008530e+002
 -1.7989333e+002
  2.1600283e+001
  1.7470633e+002
 -1.1924524e+002
 -3.9547716e+001
 -4.7930665e+001
  1.1928662e+002
 -1.3723823e+001
 -9.8237861e+001
  1.9883080e+002
 -1.2842326e+002
 -5.8796940e+001
  4.0621874e+001
  2.3640855e+001
  6.9136804e+001
 -1.0275334e+002
  2.1668104e+001
 -1.6752070e+001
  2.7539490e+001
 -6.0289891e+000
  5.9531620e+001
 -1.3061786e+002
  4.6673904e+001
  9.9849030e+001
 -6.2988747e+001
 -5.7271534e+001
  1.2531944e+002
 -2.2402474e+002
  2.9228572e+002
 -1.9110870e+002
  9.2749999e+001
 -6.5333336e+001
  2.2103835e+000
 -5.1153621e+001
  1.4992861e+002
 -1.0367951e+002
  2.9032373e+001
 -8.5807682e+001
  2.6286021e+002
 -3.3198996e+002
  1.7530362e+002
  6.0672556e+001
 -1.7349307e+002
  9.0895453e+001
 -8.5040921e+000
 -3.4466035e+001
  7.1475748e+001
 -7.3335478e+001
 -2.0640417e+001
  1.1778754e+002
 -1.1470421e+001
 -1.2846264e+001
 -1.8049481e+002
  2.7391382e+002
 -2.0958228e+002
  9.2959195e+001
 -7.3417320e-001
  6.2321410e+000
  3.8886852e+001
 -1.3191189e+002
  1.2745744e+002
 -5.8316286e+001
  1.0702448e+001
  2.1237270e+001
  1.8528512e+001
 -8.6735794e+001
 -5.1278583e+001
  5.0515184e+001
  1.6162765e+002
 -1.5566127e+002
  5.0001351e+001
  1.0886873e+002
 -2.2551854e+002
  1.6872473e+002
 -2.3718938e+001
 -9.0173784e+001
 -8.6383130e+001
  2.2783857e+002
 -2.3741593e+001
 -1.6981689e+002
  1.1530335e+002
  3.3331556e+001
 -9.5866051e+001
  9.8285034e+001
  8.8252722e+000
 -5.7575695e+001
 -6.3654927e+001
  1.1145564e+002
 -7.1998848e+001
 -8.4350809e+000
  2.7710892e+001
  1.0379383e+002
 -2.0602992e+002
  1.3081856e+002
 -6.5710513e+001
  2.9988337e+001
  1.3722160e+002
 -2.3662795e+002
  1.3907200e+002
 -9.3167362e+001
  1.2948281e+002
 -1.0194153e+001
  2.2329055e+001
 -1.3394859e+002
  6.9623713e+001
 -8.9309400e+001
  1.6440417e+002
 -8.2828712e+001
 -9.1756090e+001
 -1.3547373e+001
  2.6065809e+002
 -1.1659506e+002
  4.1932994e-002
 -1.2402731e+002
 -1.8756807e-001
  1.2272230e+002
 -5.2059117e+001
 -2.6674094e+001
 -7.7639846e+000
  2.4034711e+002
 -2.8014381e+002
  1.0283125e+002
 -2.0046504e+001
  1.1199653e+002
 -1.8130689e+002
 -7.1948283e+001
  1.7295315e+002
  4.9338205e+000
 -6.9916097e+001
  1.5573951e+002
 -1.8933809e+002
  8.2033436e+001
 -7.7015349e+001
  2.1974306e+001
  1.7753024e+002
 -2.4752597e+002
  1.7129620e+002
 -1.2926652e+002
  8.6829780e+001
  9.3690365e+001
 -2.7369717e+002
  3.5601925e+002
 -2.8703984e+002
  1.5822983e+001
  2.5595713e+002
 -2.4391429e+002
  6.9983236e+001
 -3.4539368e+001
  6.8953292e+000
  7.4190711e+001
 -9.1272719e+001
 -5.8671975e+001
  1.3502076e+002
 -4.5621218e+001
  7.8230416e+001
  3.5897508e+000
 -1.3183313e+002
  4.2918465e+001
 -2.8230571e+000
  3.6176904e+001
  6.2499486e+001
 -3.7950206e+001
 -3.5455557e+001
 -5.0808939e+001
 -1.4241806e+001
  3.3895129e-001
  1.5409023e+002
 -1.5251715e+002
  1.8193513e+002
 -2.7047884e+002
  2.1922966e+002
 -1.3928103e+002
  1.0155547e+002
  3.9247748e+001
 -5.4474987e+001
  5.8105675e+001
 -2.0259051e+002
  1.2736888e+002
  1.2199922e+001
 -8.9491269e+001
  1.2825384e+002
 -9.3363871e+001
  3.5943825e+001
  3.2327102e+001
  3.8600137e+001
 -1.5019061e+002
  1.4103071e+002
  1.8123701e+000
 -1.9813409e+002
  5.3809938e+001
  2.7102238e+002
 -2.3245100e+002
 -2.3438439e+001
  2.6323608e+002
 -2.0427247e+002
 -8.4719875e+001
  2.1371468e+001
 -6.0742672e+001
  1.4387149e+002
  1.1641662e+002
 -1.0391724e+002
  4.8396363e+001
  3.1162493e-001
 -1.6619085e+002
  8.0428249e+001
  2.0408067e+001
 -9.4375916e+001
  1.7814180e+002
 -1.7418314e+002
  1.3309431e+002
 -4.9711255e+001
  1.2955029e+002
 -2.5313162e+002
  1.3363221e+002
  7.0225591e+001
 -1.3979772e+002
  5.7742942e+001
 -1.5462603e+000
 -4.2871934e+000
 -1.5944648e+001
  8.8268077e+001
 -8.8882279e+001
  5.7062642e+001
 -8.6570734e+001
  1.4690462e+002
 -1.8552232e+002
  2.2494273e+002
 -2.5057352e+002
  1.7893466e+002
 -8.4215811e+001
  6.3038380e+001
 -4.9636891e+001
 -1.3190278e+001
 -6.4076185e+000
  3.0524271e+001
  3.1717806e+001
 -8.2454052e+001
  1.0226770e+002
 -9.9029675e+001
  9.3704270e+000
  2.1583041e+002
 -1.7882073e+002
 -1.3393200e+002
  2.1654622e+002
 -1.1627771e+002
 -2.6674258e+001
  1.8904147e+002
 -1.0675837e+002
 -8.0290179e+001
  5.5139046e+001
 -1.3650221e+001
  2.0166504e+001
  1.1006105e+002
 -1.8068757e+002
  7.2008090e+001
  1.1887723e+002
 -1.7935001e+002
 -6.1367651e+001
  2.2710382e+002
 -1.8438058e+002
  1.9202066e+002
 -2.3265223e+002
  8.3636085e+001
  1.8569023e+001
  1.0565499e+002
 -5.8801257e+001
 -1.3270950e+002
  1.4859343e+002
 -5.3286174e+001
 -6.1573226e+001
  3.2590510e+001
  1.8963127e+002
 -1.7664798e+002
 -1.0992093e+001
 -9.1603721e-001
 -5.0964898e+000
  8.2935535e+001
  1.3058137e+001
 -1.3931006e+002
  1.0602923e+002
  1.8730667e+001
 -8.6004609e+001
  6.5769457e+001
 -1.1574759e+002
  2.1209906e+002
 -2.0594304e+002
  9.1417178e+001
  9.4339068e+001
 -1.6812832e+002
  5.6815873e+001
 -3.0047370e+001
  2.1107937e+002
 -1.9595605e+002
 -2.7615469e+001
  2.0071569e+002
 -1.9280080e+002
  6.4225313e+001
 -1.6044261e+002
  2.1992998e+002
 -2.8506086e+002
  3.3371670e+002
 -1.2542016e+002
  5.6267288e+001
 -4.6927869e+001
 -7.3615256e+001
  4.3446251e+001
  4.8058106e+000
  2.0803620e+001
  1.1461446e+001
  4.8134731e+001
 -6.3804487e+001
  4.9006069e+001
 -9.1618978e+001
  1.2252596e+001
  1.3276889e+002
 -1.5853589e+002
  5.6146110e+001
 -2.8801663e+001
  5.2867937e+001
 -2.4271309e+001
  5.6934190e+001
 -6.4988221e+001
  1.6388930e+001
 -9.9983399e+001
  8.4503245e+001
  1.3973215e+002
 -1.7492701e+002
 -5.4192980e-001
 -9.3810605e+000
  7.1391298e+001
 -5.6580497e+001
  1.6457808e+002
 -1.6661181e+002
  7.9809317e+001
 -1.2261597e+002
  1.3439105e+002
 -1.4242719e+002
  2.3120596e+002
 -2.4200014e+002
  2.3023889e+002
 -2.0032941e+002
  2.3867585e+001
  2.0048007e+001
  3.1058416e+001
  1.1646130e+002
 -2.4780151e+002
  1.0870935e+002
  1.1061295e+002
 -1.9573349e+002
  1.9453599e+002
 -7.3819022e+001
 -7.5847178e+001
  3.2133363e+001
  3.8047438e+001
 -1.6496705e+000
 -2.6310867e+001
  6.8687269e+001
 -1.0891309e+002
  6.0675022e+001
  1.2187677e+002
 -1.8120582e+002
 -3.1526129e+001
  1.6218440e+002
 -6.0012343e+001
 -3.5197568e+001
 -4.7647192e+001
  1.9342812e+002
 -2.4209021e+002
  1.1537487e+002
  1.7777671e+001
  5.0197565e+001
 -3.8886849e+001
 -1.4463431e+002
  1.4537710e+002
 -1.2034733e+001
 -1.9846135e+001
 -9.6950523e+000
  1.5394174e+001
 -5.0216771e+001
  7.8262608e+001
  2.5310489e+000
 -8.4169880e+001
 -1.7945559e+000
  1.4703840e+002
 -1.3637332e+002
  1.6171656e+002
 -2.4774485e+002
  2.2681137e+002
 -1.1141046e+002
 -4.5539815e+001
  1.2113946e+002
  3.9544818e+001
 -1.1251252e+002
 -2.3394836e+001
 -7.6770652e+001
  1.7047895e+002
 -6.9243152e+001
  5.2224320e+001
 -2.1235660e+002
  2.9078955e+002
 -8.8727287e+001
 -9.3537716e+001
  1.6614543e+002
 -1.6499851e+002
  2.4284005e+001
 -7.8966848e+001
  2.1680626e+002
 -1.0323859e+002
 -2.5908570e+001
  1.1582067e+001
  1.0549855e+002
 -1.4136267e+002
  1.6899833e+002
 -2.4204693e+002
  2.1642391e+002
 -1.4765154e+002
  3.4296814e+001
  8.1522823e+001
 -1.8215968e+002
  2.2438260e+002
 -9.5765724e+001
 -8.1988513e+001
  3.8075285e+001
  1.0223205e+002
  5.4875534e+000
 -1.9075712e+002
  2.2301900e+002
 -2.9598376e+001
 -1.3198335e+002
 -8.6815384e+001
  1.1518345e+002
  1.3563661e+002
 -9.8346023e+001
  1.0062875e+002
 -1.0611594e+002
 -1.4735431e+002
  2.0306688e+002
 -2.6635985e+001
 -4.5193813e+001
  1.1921208e+001
 -1.7220486e+001
  7.5634537e+001
 -1.3023742e+002
  7.0448089e+001
 -2.7483914e+001
  1.0759350e+002
 -1.9612383e+002
  2.2995676e+002
 -1.5970461e+002
  1.0679900e+002
 -1.8129372e+002
  2.4932479e+002
 -2.0563261e+002
  1.5416589e+002
 -1.4825029e+002
  6.5989391e+001
  8.0275393e+001
 -6.1499901e+001
  3.1495799e+000
 -3.4381725e+001
  3.5123646e+001
  6.9402740e+001
 -1.7525786e+002
  5.9632058e+001
  9.2197064e+001
 -6.5945564e+001
  4.0789576e+000
 -3.0462204e+001
  7.7161845e+001
 -1.9993346e+001
 -1.8465290e+002
  2.8015233e+002
 -1.8327180e+002
  1.6133278e+002
 -2.7893737e+002
  2.9306634e+002
 -1.7889200e+002
  8.8697971e+001
  2.2305899e+001
 -6.3141756e+001
  7.2321641e+001
 -9.5813643e+001
 -6.6945790e-001
  1.2244012e+002
 -7.7571573e+001
 -2.2942817e+001
 -3.4614552e+001
  1.5551621e+002
 -9.6005098e+001
 -4.7461677e+001
  4.1962524e+001
 -5.3399140e+001
  3.2338851e+001
  1.4536326e+002
 -7.4402258e+001
 -6.7100203e+001
 -2.3247107e+000
  2.6532902e+001
 -7.4284619e+001
  8.7396022e+001
 -1.3454664e+002
  1.6517914e+002
 -5.6471873e+000
  2.6008213e+001
 -1.4954814e+002
  6.8916341e+001
  5.1772539e+000
  5.2295438e+001
 -9.9969784e+000
 -1.8392414e+002
  2.6860317e+002
 -1.5514323e+002
 -3.4561688e+000
  7.5507102e+001
  7.4814655e+000
 -1.8349428e+002
  3.9152534e+002
 -4.3999031e+002
  1.2670124e+002
  1.5342822e+002
 -9.4941835e+001
  3.0173376e+001
 -2.0407150e+002
  2.2086560e+002
  4.8852800e+001
 -8.1968820e+001
  1.9812635e+001
 -1.6765939e+002
  3.1536203e+002
 -2.2228205e+002
  1.7736852e+001
  6.1881372e+001
 -2.9692944e+001
 -1.1829754e+002
  1.5490272e+002
 -2.0509913e+001
 -3.7006940e+001
  4.5334542e+000
  5.6929384e+001
 -9.0512917e+001
  7.9461333e+001
 -1.3300652e+002
  1.1377866e+002
  2.9794140e+001
 -8.6796450e+001
  1.0674715e+002
 -8.1478172e+001
  1.4387275e+001
 -4.8188321e+001
  5.6176779e+001
  1.1080561e+002
 -1.7919231e+002
  3.1613562e+001
  1.2475387e+001
  3.2724756e+001
 -8.4144271e+001
  2.9912437e+001
  5.3262140e+001
  1.9124716e+001
 -7.5420245e+001
  3.4017595e+001
  4.1789387e+001
 -1.1866414e+002
  2.1154415e+002
 -1.6306775e+002
  8.0493386e+001
 -3.5541290e+001
  9.4462463e+000
 -3.2220270e+001
  4.2475424e+001
 -8.6277630e+001
  7.9481993e+001
 -1.5328610e+002
  1.8856913e+002
  8.2610072e+001
 -3.1902029e+002
  2.7522336e+002
 -3.7397205e+001
 -1.8082993e+002
  8.0716707e+001
  9.3294106e+001
 -5.9813012e+001
  7.5477984e+001
 -1.0600415e+002
  3.4154029e+001
  1.0550414e+001
 -6.2975994e+001
  1.4164398e+002
 -1.1199763e+002
  3.2958257e+001
 -5.6702869e+001
  8.2734001e-001
  1.8542298e+001
  1.1470984e+001
  1.9586300e+002
 -1.9271889e+002
 -1.3791383e+002
  2.4282329e+002
 -3.6261820e+001
 -1.6529468e+002
  2.8143222e+002
 -2.3152722e+002
  8.9512575e+001
 -1.4521160e+002
  6.9458427e+001
  1.1768191e+002
 -1.1283467e+002
  3.9362859e+001
  5.3585999e+001
  1.9652695e+001
 -1.5024747e+002
  1.1416564e+002
  5.0243789e+001
 -1.1514674e+002
 -8.5887496e+001
  2.6955226e+002
 -2.3619893e+002
  1.4672502e+002
 -1.3792577e+002
  1.6422988e+002
 -7.2642806e+001
 -1.0047554e+002
  1.4814306e+002
 -1.8941318e+002
  1.7077002e+002
  4.4675756e+000
 -4.8995880e+001
  9.4546739e+001
 -2.0857846e+002
 -1.2372856e+001
  2.3318963e+002
 -3.0759604e+001
 -1.5420523e+002
  5.5073380e+001
  1.4034067e+002
 -2.2350744e+002
  5.3984947e+001
  1.2044241e+002
 -3.8247572e+001
  1.0762363e+001
 -1.0307941e+002
  1.2407487e+002
 -1.0078577e+002
  4.3659680e+001
 -2.6027406e+001
 -8.3391267e+000
  8.0239524e+001
 -7.8888949e+001
  1.3047093e+002
 -2.5791979e+002
  2.6976301e+002
 -1.5478984e+002
  1.4757964e+001
 -1.5869498e+001
  1.3882739e+002
 -1.4449109e+002
  8.2616790e+001
 -6.4694406e+000
 -8.8872583e+001
  6.7776957e+001
 -1.5128631e+001
  6.4250839e+001
 -8.6212568e+001
 -1.9165090e+001
  2.7711455e+001
  7.6062022e+001
 -1.8495384e+002
  3.0185202e+002
 -1.5326976e+002
 -1.8936437e+002
  3.1720993e+002
 -1.8887323e+002
  8.8277474e+001
 -3.5425674e+001
 -3.3367133e+001
 -1.2186836e+001
  5.1261957e+001
 -9.1776659e+001
  1.4898953e+002
 -1.7039122e+002
  2.1655492e+002
 -7.7256014e+001
 -1.4860262e+002
  4.7154131e+001
  1.4778064e+002
 -1.7307175e+002
  1.6882943e+002
 -6.2201290e+001
  1.2518140e+001
 -1.6718679e+002
  2.6786754e+002
 -1.9095607e+002
  8.1439915e+001
 -2.6251698e+001
 -2.7752910e+001
  3.4750189e+000
  1.9091284e+001
  6.7323007e+001
 -1.2980860e+002
  5.7762533e+001
  4.7570673e+001
 -3.2466232e+001
  5.1391648e+001
 -1.4336390e+002
  1.0198997e+001
  1.2785894e+002
 -1.6822746e+000
 -8.9094712e+001
  6.1998398e+001
 -4.4634506e+001
  4.7977060e+001
 -1.9178552e+001
 -9.7203987e+001
  1.7452808e+002
 -1.1342435e+002
  2.1444322e+001
 -2.3524864e+001
  1.1647795e+002
 -1.2976707e+002
  7.7135643e+001
 -6.9696056e-001
 -5.3211833e+001
 -1.8787541e+001
  1.1796183e+002
 -2.1101546e+002
  1.1598481e+002
  1.6713922e+002
 -1.7131160e+002
 -2.4555093e+001
  4.9595556e+001
 -5.9722365e+001
  1.3973127e+002
 -1.7885450e+002
  2.3463975e+002
 -1.9141421e+002
  3.8378173e+001
  8.7954339e+001
 -1.3265842e+002
  7.7277219e+001
 -8.2983025e+001
  8.2101128e+001
 -9.2903773e+001
  1.2400190e+002
  2.2243318e+000
  6.4926754e+001
 -2.1812507e+002
  1.3877002e+002
 -2.1770520e+002
  3.1329415e+002
 -1.4934195e+002
  1.5912578e+001
  3.0295350e+001
  6.9453441e+001
 -3.2310508e+002
  3.2354676e+002
 -3.2854914e+001
 -9.8480968e+001
 -7.2080799e+001
  1.8666584e+002
 -8.3589852e+001
  3.0964147e+001
  3.8605707e+001
 -1.1467526e+002
  5.5648746e+001
 -6.2814799e+001
  4.8804600e+001
  2.4193369e+001
 -7.1710912e+001
  1.1409562e+002
 -9.5057127e+001
  9.6511145e+001
 -5.6424364e+001
 -4.6093859e+001
 -2.4759084e+001
  1.0008574e+002
 -4.1978887e+001
  6.3743532e+001
 -5.8906429e+001
 -7.1036763e+001
  7.9387312e+001
  9.4321552e+001
 -9.1282682e+001
 -1.5428283e+002
  2.0370112e+002
 -5.2031079e+001
 -3.8539000e+001
  5.8713474e+001
 -4.6143414e+001
  3.6520950e+000
  1.3415844e+002
 -2.1271201e+002
  9.6247891e+001
 -2.8334147e+001
  3.0899300e+001
  8.3192128e+001
 -1.6740102e+002
  1.4351058e+002
 -1.0169670e+002
  1.0513239e+001
 -2.2464448e+001
  7.6731704e+001
 -1.6686176e+001
  8.5617890e+001
 -1.8462944e+002
  2.6807540e+001
  2.4934288e+002
 -3.3587385e+002
  3.1499288e+002
 -2.9067859e+002
  8.2875911e+001
  1.6088816e+002
 -2.6169834e+002
  1.7284174e+002
 -7.5130443e+001
  7.0255796e+001
  2.6525622e+001
 -9.7583576e+001
  6.3945549e+001
  8.7400938e+001
 -2.3454723e+002
  1.2734336e+002
 -4.9947731e+000
  2.2811564e+001
 -4.5489181e+000
  1.3407985e+002
 -3.8970339e+002
  3.8392826e+002
 -1.5306897e+002
 -7.7464441e+001
  1.6913687e+002
 -5.5224599e+001
 -1.1882163e+002
  1.4512975e+002
 -1.4118223e+000
 -2.0845900e+002
  2.7044674e+002
 -8.4942798e+001
  6.5560615e+000
 -9.2146890e+001
 -4.8982440e+001
  1.6048842e+002
  4.2066734e+001
 -1.4200657e+002
 -1.3763144e+001
  2.0795393e+001
  1.3665095e+002
 -5.7034479e+001
 -1.0278326e+002
  1.4467620e+002
 -1.9660178e+002
  2.1975933e+002
 -1.2286982e+002
  9.6979641e+001
 -1.3788319e+002
 -9.9770125e+000
  1.5252132e+001
  5.8872338e+001
  1.5097211e+002
 -2.2762736e+002
  5.1852683e+001
  2.0240335e+001
 -1.3629609e+001
  1.5362521e+001
  3.8071477e+001
 -5.6170069e+001
  4.2062511e+001
 -2.6388160e+001
 -9.2288067e+001
  2.1525277e+002
 -1.7102476e+002
  9.5578329e+001
 -1.5173385e+002
  2.0385241e+002
 -6.4149386e+001
 -5.8255181e+001
 -8.1941310e+001
  1.3813246e+001
  2.4640040e+002
 -2.3545150e+002
  3.4979855e+001
  6.7819587e+001
 -4.5526952e+001
  1.4968827e+002
 -2.2060152e+002
  1.6740943e+002
 -2.3020479e+000
 -1.3565531e+002
  2.3792165e+001
 -4.4245472e+001
  1.3837068e+002
 -1.6579592e+001
 -7.8850190e+001
  1.2775245e+002
 -4.0034335e+001
 -8.1251176e+001
  6.4196984e+001
 -1.5276641e+002
  1.8802043e+002
 -3.4360030e+000
 -1.1663879e+002
  9.2778275e+001
 -6.6953329e+001
 -6.9295276e+001
  9.5544530e+001
  1.3200160e+002
 -1.4900085e+002
 -2.4640871e+001
  6.3421542e+001
  1.8119187e+001
 -1.2365155e+002
  2.2763281e+002
 -3.6693333e+002
  3.9324487e+002
 -2.0958792e+002
  1.0689718e+002
 -4.5291264e+001
 -1.4149131e+002
  1.8597667e+002
 -7.3653694e+001
  1.7027149e+001
 -3.8719026e+001
 -2.7179056e+001
  1.2121025e+002
 -6.2677557e+001
 -3.0342652e+001
  5.1033184e+001
  9.7981064e+001
 -1.6791188e+002
  1.2866195e+002
 -2.0430503e+002
  5.0456808e+001
  9.3994486e+001
  1.9344816e+001
  6.8871271e+001
 -1.1778244e+002
 -4.1083187e+001
  7.0285040e+001
 -7.5118323e+001
  3.1567700e+001
  1.1525429e+002
 -9.9782712e+001
 -5.6631143e+001
  1.0144614e+002
  8.9698943e+001
 -1.7381462e+002
  4.6261961e+001
  3.6270867e+001
 -9.8390562e+001
  4.7496133e+001
 -5.4463627e+001
  1.1158294e+002
 -6.5482580e+001
  1.3594607e+002
 -1.7121572e+002
 -1.3799578e+001
  2.0597920e+002
 -2.0626096e+002
  4.1124127e+001
  1.6689741e+002
 -2.1981320e+002
  1.6727306e+002
 -1.0449733e+002
  3.5668769e+001
 -2.0343983e+001
 -1.6880179e+000
  4.1300679e+001
 -4.2140254e+001
 -5.2787120e+001
 -2.4511139e+000
  2.5091788e+002
 -2.5639530e+002
  3.7426325e+001
  2.6905080e+001
 -1.8676988e+001
  7.3839896e+001
  6.0387509e+001
 -2.4517883e+002
  1.2456232e+002
  9.6115466e+001
 -9.6037488e+001
  2.8449201e+001
 -3.9141031e+001
  6.8099777e+001
 -1.6573757e+002
  2.5896047e+002
 -1.8491374e+002
 -5.0084339e+001
  1.5111738e+002
 -1.0775389e+001
 -3.9017784e+001
 -5.0303483e+001
  1.6964875e+001
  4.0079922e+001
 -6.8922627e+001
  2.1549223e+002
 -2.0441741e+002
  1.5318066e+002
 -2.4510998e+002
  1.2059707e+002
  5.5979576e+001
  6.4028152e+001
 -7.9610365e+001
 -2.4390190e+002
  3.9787124e+002
 -3.0073116e+002
  1.8841830e+002
 -6.8677841e+001
  3.5807114e+001
 -9.7976039e+001
  1.0901673e+002
  1.0699066e+001
 -9.5411523e+001
  2.6297186e+001
  2.3488725e+001
 -3.9643722e+001
  3.5449314e+001
  1.6459459e+002
 -2.6557027e+002
  6.0021182e+001
  4.8668093e+000
  2.1550607e+001
  2.0365508e+001
  4.4418060e+001
 -1.5707207e+002
  2.3328063e+002
 -9.0851245e+001
 -1.4649373e+002
  7.7570992e+001
  3.0445764e+001
  2.6025002e+001
 -4.5809229e+001
  6.1206682e+001
 -1.2160836e+002
  9.2673026e+001
  6.0015321e+001
 -1.1157341e+002
  2.0688218e+001
 -3.6115218e+000
  1.1579358e+002
 -1.7295279e+002
  8.8901599e+001
 -2.6419818e+000
 -1.9641894e+001
  8.7763663e+001
 -1.1638480e+002
  1.4546199e+001
  1.1476200e+002
 -3.9601867e+001
 -1.5904678e+002
  1.3710714e+002
 -4.0431770e+001
  4.0759096e+001
  2.1259063e+001
 -1.2377810e+002
  5.0195411e+001
  6.2487386e+001
 -7.7419076e+000
 -3.8767528e+001
  2.0601517e+001
  5.5331091e+001
 -1.6020413e+002
  4.8466993e+001
  1.0304036e+002
 -2.1684005e+001
 -1.0591297e+002
  3.8869389e+001
  7.4436494e+001
 -4.5340912e+001
  1.7790051e+001
  3.0054131e+001
 -8.6008203e+001
 -1.6645894e+001
  1.2480706e+002
 -1.1138197e+002
  8.7494262e+001
 -8.1109789e+001
  1.0649234e+002
 -3.6488484e+001
  3.8675100e+001
 -2.5256571e+002
  2.0314103e+002
 -4.3855942e+001
  3.0784491e+001
  1.2552808e+002
 -2.4199226e+002
  2.6593392e+000
  1.6221052e+002
  4.5206934e+000
 -4.3658090e+001
 -2.4037217e+001
 -2.9814899e+001
  3.9809102e+001
  5.7677610e+001
 -8.6943841e+001
  1.5348440e+001
 -6.9192253e+001
  8.3375658e+001
  3.6454961e+001
  4.8632771e+001
 -1.7533697e+002
  5.4710893e+001
  8.6970903e+001
  7.9593788e+000
 -9.4688300e+001
 -5.7689904e+001
  1.3724818e+002
 -7.4538300e+001
  2.9944858e+001
 -2.9332779e+001
  1.3446283e+001
  4.1253630e+001
 -3.5874651e+001
  1.7029633e+001
  7.5930170e+001
 -2.0507677e+002
  1.1158478e+002
  4.8019191e+001
 -8.5220407e+000
 -1.3729305e+001
  3.8305711e+001
 -1.4826480e+002
  5.8089712e+001
  1.2798208e+001
  8.2352105e+001
 -4.1638399e+001
 -1.4653162e+002
  1.2645022e+002
 -3.9450622e+001
  2.2948766e+002
 -1.7049258e+002
 -1.0262131e+002
  6.9732113e+001
 -3.9975349e+000
  8.4289577e+001
 -8.4054352e+001
  2.3020925e+001
  8.8921941e+001
 -1.6082644e+002
  1.4765985e+001
  7.8497593e+001
 -9.9591809e+001
  8.6102209e+001
  2.6629531e+000
 -3.5230178e+001
 -6.3740592e+001
  2.1404137e+002
 -2.9875278e+002
  2.1280061e+002
 -1.2115906e+001
  1.5118355e+002
 -2.6522893e+002
  1.2332646e+002
 -1.2997641e+002
  1.5901350e+002
 -1.0746395e+002
 -7.4419846e+001
  2.6454301e+002
 -1.1931652e+002
 -9.8265452e+001
  3.4715316e+001
 -2.5728354e+001
  8.6134208e+001
 -5.4094483e+000
 -6.0497481e+001
  1.1213177e+002
 -1.6086257e+002
  4.0177989e+001
  1.0255350e+002
 -1.2944560e+002
  1.5583804e+002
 -1.6421021e+002
  2.1273258e+002
 -2.1488550e+002
  4.9518433e+001
  1.2258047e+002
 -6.7969048e+001
 -7.5169926e+001
  3.1607770e+001
 -7.3485786e+001
  2.2758660e+002
 -2.5238135e+002
  1.9179575e+002
 -5.3929705e+001
 -3.5923053e+001
 -1.2700738e+002
  2.9970122e+002
 -2.7923882e+002
  2.0351433e+002
 -4.8004190e+001
 -1.0278009e+002
  1.0262970e+002
 -2.1756372e+001
 -4.4232145e+001
  8.7282228e+001
 -2.0315708e+002
  2.6372667e+002
 -1.5586731e+002
  2.8425779e+001
  1.2362466e+002
 -2.4917640e+002
  1.6544777e+002
  7.1215719e+001
 -1.5977616e+002
  1.3108961e+002
 -1.9302913e+002
  1.9454010e+002
 -1.2543812e+002
  1.0219365e+002
 -6.0568008e+001
  5.5551254e+001
 -4.5585716e+001
 -1.3508130e+001
 -1.3404972e+002
  2.3840727e+002
 -7.1239658e+001
 -1.6963817e+001
 -1.0646286e+002
  2.1674824e+002
 -1.2228571e+002
  8.3887674e+001
 -1.0655634e+002
  9.2327863e+001
 -1.4890157e+002
  1.6008522e+002
 -1.8586356e+002
  1.3837932e+002
  3.7730166e+001
 -4.3066979e+001
  4.1488471e+001
 -1.8542180e+002
  1.2678358e+002
  5.5220535e+001
 -1.8082421e+002
  2.1236243e+002
 -8.6766415e+001
  3.3563134e+001
 -7.5745922e+001
  1.2909281e+002
 -1.2339890e+002
  8.8388742e+001
 -3.7889774e+001
  2.1196446e+001
 -2.3074352e+002
  4.0313314e+002
 -4.5802505e+002
  3.4184230e+002
  7.3710220e+001
 -2.8038180e+002
  5.9946468e+001
  1.4574743e+002
 -1.7483968e+002
  1.8973097e+002
 -1.6980313e+002
 -1.6602340e+001
  1.4725481e+002
 -1.1518625e+002
  1.1656684e+002
 -2.4425432e+001
 -1.1093243e+002
  9.4560185e+001
 -1.4506617e+002
  2.8743986e+002
 -2.2118373e+002
  1.4179108e+002
 -2.6590449e+002
  2.3187418e+002
 -9.8540582e+001
  1.3880142e+002
 -1.3574359e+002
 -8.4436259e+000
  1.3986233e+002
 -1.4050522e+002
  1.6227142e+002
 -1.7654255e+002
  5.3677380e+001
  4.3125609e+001
  1.6973453e+001
 -1.5678562e+002
  1.0931185e+002
 -2.4571187e+001
  2.0598449e+000
  1.2519710e+002
 -1.7038849e+002
  7.1700369e+001
 -6.6902037e+001
  7.5777641e+001
  8.2121017e+001
 -3.8704702e+001
 -1.1633220e+002
 -4.5633237e+001
  1.5993309e+002
 -4.5732050e+001
  1.6971321e+001
 -3.2288490e+001
 -5.8134917e+001
  4.5349009e+001
  3.1257462e+001
  4.2735142e+000
 -7.5218861e+001
  1.3371277e+002
 -8.6533287e+001
  6.4467049e+001
 -1.2255717e+002
  8.7375367e+001
  2.9988499e+001
 -1.3995075e+002
  1.0636435e+002
 -1.1875402e+002
  1.9075762e+002
 -8.8378236e+001
  3.9760906e+001
  1.2690932e+001
 -4.7000475e+001
 -9.2553834e+001
  1.8813187e+001
  1.3444229e+002
 -9.8992050e+001
  1.1543219e+002
 -1.2847633e+002
  7.8963156e+001
 -2.7961824e+000
 -1.1805218e+002
  1.4642022e+002
  1.0931891e+002
 -4.6244534e+002
  4.2223996e+002
 -1.6667445e+002
  8.6854805e+001
 -8.2800149e+001
  5.8807127e+001
 -3.5306641e+001
  3.2776088e+001
  1.6887033e+001
 -7.5106124e+001
 -6.1814283e+000
  7.1003113e+001
 -1.3043626e+002
  1.6843232e+001
  3.0581936e+002
 -2.1351660e+002
  3.6634298e+000
 -1.4751753e+001
 -4.4943257e+001
  2.3209111e+001
  3.7051393e+001
  7.2674975e+001
 -2.4551063e+002
  1.9436440e+002
  7.8765876e+001
 -1.5401084e+002
  5.7034703e+001
 -3.8489810e+001
  5.7365730e+001
 -2.8778851e+001
 -5.5579090e+001
  7.8942575e+001
 -4.4848896e+001
  3.7149428e+001
 -3.1788829e+001
 -8.7055929e+000
  7.0160178e+001
 -1.6625605e+002
  1.6124632e+002
  1.4750107e+002
 -3.1179142e+002
  4.4955636e+001
  5.8028803e+001
  1.5173608e+002
 -3.1760945e+002
  2.8582500e+002
 -1.9639965e+001
 -1.4525995e+002
  7.4447124e+001
 -1.3973316e+002
  3.4197968e+002
 -2.9421412e+002
  1.0878927e+001
  4.7915792e+001
  1.5572880e+002
 -3.0650128e+002
  3.2990022e+002
 -1.8890416e+002
 -5.0370264e-001
 -3.7370847e+001
  8.4716707e+001
  1.4490594e+001
 -8.1069962e+001
  1.3111269e+002
 -2.0221563e+002
  2.0562364e+002
  2.5887981e+001
 -1.6417100e+002
  5.8277712e+001
  3.5774733e+000
 -1.1061754e+002
  2.0923491e+002
 -1.7590619e+002
  7.6001135e+001
  3.0340716e+001
 -8.7741670e+001
  9.6858145e+001
 -1.9223180e+002
  3.3785745e+002
 -2.9353879e+002
  1.4525042e+002
 -6.0333934e+001
  1.0354871e+002
 -2.3403091e+002
  1.8286852e+002
 -8.6060895e+001
  7.7430496e+001
  5.3850154e+001
 -5.6647977e+001
 -6.5034309e+001
 -1.8241342e+001
  1.5180743e+002
 -1.4208533e+002
  1.6015348e+002
 -1.7969292e+002
 -1.4635060e+001
  6.3776674e+001
 -1.3222278e+001
  8.8373455e+001
 -5.2189986e+001
  7.3229365e+001
 -1.9419749e+001
 -2.2722159e+002
  1.9617616e+002
 -2.0823211e+001
 -1.7223194e+001
  7.4381205e+001
 -1.5170076e+002
  9.8579665e+001
  6.2063856e+001
 -5.2700937e+001
 -5.1046041e+001
 -8.8130831e+000
  1.3694072e+001
  3.6669460e+001
  1.5561041e+002
 -2.8994738e+002
  3.1743142e+002
 -2.7645893e+002
  4.1079788e+001
 -7.8662185e+000
  5.6769254e+001
 -2.1163610e+000
 -7.0020415e+001
  1.1894114e+002
 -9.6330495e+001
  9.8491892e+001
 -6.8698673e+000
 -3.2414112e+001
 -1.5196964e+002
  2.2888110e+002
 -1.4388544e+002
  7.9524762e+001
  1.5123051e+000
 -8.5865851e+001
  1.3080333e+002
 -1.7532036e+002
  8.0375330e+001
 -1.0495038e+001
  9.6438151e+001
 -8.0320167e+001
  2.3268673e+001
  9.4282580e+001
 -1.5383086e+002
  2.0529071e+001
  1.1988879e+002
 -1.4194725e+002
  1.2081212e+002
 -1.3423828e+002
  3.8002427e+001
  2.1875720e+001
 -1.3672674e+001
  2.8781645e+000
  8.5401321e+001
 -1.3572535e+002
  6.3117443e+001
  7.2360169e+001
 -8.3502914e+001
 -3.0342753e+001
  1.0146933e+002
 -1.8045827e+001
 -5.0290796e+001
  2.0218367e+001
  1.7462638e+001
 -1.5768061e+002
  3.2227556e+002
 -3.0379674e+002
  1.0135899e+002
  8.3081831e+000
  2.8386283e+001
  5.1073388e+001
 -1.3135152e+002
  8.3886961e+001
 -1.2574413e+002
  1.5995703e+002
 -1.1153096e+002
  8.0548443e+001
 -2.5180762e+000
 -1.8279557e+001
  2.7139204e+001
 -7.0853582e+001
  2.2873202e+001
 -1.7886199e+001
 -1.3136679e+000
  4.0544911e+001
 -4.6382520e+001
  8.2121397e+001
 -1.0203976e+002
  1.2471956e+002
 -6.2801363e+001
 -6.9382238e+001
  9.1438911e+001
 -1.7691240e+001
  2.3167653e+001
 -5.0768110e+001
  5.8558310e+001
 -8.0786241e+001
  1.7120521e+001
 -5.7855788e+001
  1.9657682e+002
 -1.1772042e+002
 -3.5891367e+001
  4.1616120e+001
  3.2714147e+000
 -1.3422742e+001
  1.2893025e+002
 -3.1576875e+002
  2.3231438e+002
  1.9466891e+001
 -4.5918527e+001
 -1.1440282e+001
  5.4515927e+001
 -1.3843519e+002
 -4.9757503e-001
  2.4013112e+002
 -1.4742576e+002
 -1.0879338e+002
  1.7421861e+002
 -1.3645175e+002
  8.7264122e+001
 -9.4197248e+001
  1.1705485e+002
 -8.1020168e+001
  1.4583369e+001
  1.7998047e+001
 -5.4093387e+000
  4.8940846e+001
  7.9930999e+001
 -2.8017771e+002
  2.2334669e+002
 -1.5115818e+002
  1.8987185e+002
 -2.4074598e+002
  2.4462204e+002
 -1.2425098e+002
 -4.6206554e+001
 -5.0981684e+001
  2.9960002e+002
 -3.4473656e+002
  2.3083519e+002
  4.7180656e+000
 -1.7393955e+002
  1.2588146e+002
  8.4963726e+000
 -4.1480945e+001
  9.4171076e+001
 -2.0050992e+002
  6.8705010e+001
  5.4813205e+001
  1.8858230e+001
 -1.1401845e+002
  1.6353877e+002
 -1.4154722e+002
  1.5935577e+002
 -1.5670279e+002
  2.7831391e+001
  2.5794481e+000
  6.3923019e+001
 -5.6485117e+001
 -3.4762823e+001
  5.2953957e+001
  1.0264440e+002
 -1.4909030e+002
 -2.9373225e+001
  1.5408158e+002
 -7.1292034e+001
 -8.7073713e+001
  1.0955647e+002
  5.8399627e+001
 -1.2648430e+002
  1.0232336e+002
 -1.1462944e+002
 -1.5471386e+001
  1.9072049e+002
 -2.5726775e+002
  2.1263447e+002
 -6.2598751e+001
 -1.5818518e+001
  7.7654127e+001
 -1.9627300e+002
  1.7703597e+002
 -3.0437625e+001
 -1.2590085e+002
  1.2917499e+002
 -4.4118896e+001
 -1.9148938e+001
  2.7681115e+001
  3.1712993e+001
 -3.3166494e+001
  1.0144996e+001
 -1.4531631e+001
  4.6925170e+001
 -1.7623147e+001
 -3.1719217e+001
 -8.4079726e+001
  1.2454263e+002
 -8.1054273e+001
  3.5208667e+001
  1.2716634e+002
 -9.4567399e+001
  2.9184997e+001
 -1.4035013e+002
  4.2879702e+001
  5.5510220e+000
  1.2751901e+002
 -5.0527848e+001
 -7.0144367e+001
  9.8814680e+001
 -1.1184663e+002
  6.2058023e+001
  5.6362909e+001
 -1.1787296e+002
  5.9862156e+000
 -9.2443921e+000
  1.0509674e+002
 -1.2967790e+002
  2.3045491e+002
 -2.0122811e+002
  7.0452461e+001
 -3.8133466e+001
  8.7975186e+001
 -1.2572079e+002
  6.7844008e+001
 -8.8299066e+000
 -3.8318100e+000
 -5.5428474e+000
 -9.2008100e+000
 -5.8281682e+001
  1.6948351e+002
 -1.1731164e+002
  1.1526145e+002
 -1.9883099e+002
  1.1102121e+002
  3.5573765e+001
 -9.9843132e+001
  9.5823024e+001
 -3.8497158e+001
  4.9912565e+001
 -1.6385699e+002
  2.1783085e+002
 -1.6198113e+002
  5.8373076e+001
 -3.3637666e+001
  3.3163993e+001
  1.2091884e+002
 -2.7124213e+002
  1.9256836e+002
  4.5989268e+001
 -8.4954217e+001
 -3.5470206e+001
  4.0462740e+001
 -9.3072005e+001
  8.2973138e+001
  4.9201669e+001
 -9.2851741e+001
  9.9095515e+001
 -1.2207501e+002
  7.5885557e+001
  1.3602001e+002
 -2.6285599e+002
  1.4737836e+002
  6.7696521e+000
 -9.4311909e+001
  1.3457548e+002
 -6.7347079e+001
 -7.1368296e+001
  1.0331828e+002
 -5.0047612e+001
 -4.8579445e+001
  1.5417921e+002
 -1.3627715e+002
  1.2171671e+001
  1.4064609e+002
 -1.8325521e+002
  8.8242828e+001
 -5.1455723e+001
  4.7081278e+001
  2.1313660e+000
  3.5278362e+001
 -1.4848449e+002
  6.7414978e+001
  8.9835141e+001
 -7.7508789e+001
  6.5790515e+001
 -2.0363335e+001
 -5.8241147e+001
  1.3204736e+002
 -2.8295593e+002
  2.2571723e+002
  1.1622282e+002
 -1.8807464e+002
 -7.8152669e+001
  1.5029943e+002
 -4.9660628e+001
  9.7336821e+001
 -1.8883745e+002
  9.5855873e+001
 -2.2833579e+001
  1.4655564e+002
 -2.6331835e+002
  2.6188956e+002
 -1.8346221e+002
 -1.8749981e+001
  9.3765055e+001
  4.3281317e+001
 -9.2461876e+001
  1.6521464e+002
 -2.3991654e+002
  1.0815869e+002
  1.1620627e+002
 -1.7812920e+002
 -8.8519873e+001
  2.6427868e+002
 -1.2488048e+002
  5.2690743e+001
  6.4344994e+001
 -5.8781498e+001
 -1.4645211e+002
  1.5772534e+002
 -2.9108624e+001
 -9.9234758e+001
  4.2222478e+001
 -7.1400942e+001
  2.5945114e+002
 -1.8692080e+002
 -1.1240991e+002
  3.5270941e+002
 -2.8270326e+002
  1.0366673e+002
 -1.2035226e+002
  1.5973225e+002
 -1.3541680e+002
  1.1562201e+002
 -6.9063655e+001
  1.5878124e+002
 -1.9297610e+002
  8.7530349e+001
 -2.3035132e+001
 -1.4932292e+002
  1.3131713e+002
  7.5106066e+001
 -1.8904356e+001
 -1.6524839e+002
  7.2031023e+001
  1.0882963e+002
  2.2945450e+001
 -1.0876628e+002
 -4.4518844e+001
  1.0271319e+002
 -9.1869128e+001
  1.7009341e+002
 -2.5909137e+002
  2.4863367e+002
 -8.0357607e+001
  2.2348157e+000
 -1.4267945e+002
  1.8456092e+002
 -7.1875178e+001
  9.4483779e+000
  3.1961580e+001
 -5.6919326e+001
 -1.4690956e+001
 -9.7064395e+001
  2.7676651e+002
 -2.1315941e+002
  1.6690024e+002
 -2.0357027e+002
  1.0275527e+002
  1.1630141e+001
  9.3153425e+000
  1.0587681e+002
 -2.2220191e+002
  5.4047962e+001
  1.8041967e+002
 -2.1770228e+002
 -1.2699778e+001
  1.5921345e+002
 -1.4233677e+002
  1.7271283e+002
 -1.8732188e+002
  1.5209901e+002
 -9.1498988e+001
  1.5092916e+002
 -1.1939219e+002
 -1.1467363e+002
  1.6126064e+002
  3.5271782e+001
 -1.6253036e+002
  7.3099742e+001
  3.4132521e+001
 -6.2105762e+000
 -1.0644137e+002
  7.7698646e+001
  7.1597234e+001
 -1.8682043e+002
  2.2546641e+002
 -1.8480311e+001
 -2.0017634e+002
  6.9684092e+001
  2.0034142e+002
 -3.7128863e+002
  3.4043027e+002
 -9.3903511e+001
 -9.3784264e+001
  1.1051988e+002
 -1.3234773e+002
  6.3779521e+001
  7.2598283e+001
 -2.5746335e+001
  7.1668509e+001
 -1.5107814e+002
  8.9649344e+000
  1.6054027e+002
 -1.6982946e+002
 -1.4649880e+001
  1.4799208e+002
 -1.0555907e+002
 -3.4896765e+001
  6.7899981e+001
 -2.3624816e+000
 -1.3683403e+002
  2.3439594e+002
 -2.4338840e+001
 -1.1905510e+002
 -2.1817000e+001
  2.6711692e+001
  1.0144426e+002
  1.9152426e+001
 -1.6756272e+002
  9.0642611e+001
 -4.2610817e+000
  3.0630010e+001
 -2.3818445e+001
 -2.7415434e+001
  5.7835761e+001
 -1.0812568e+002
  1.0531728e+002
 -1.1602891e+002
  1.1278962e+002
 -3.9227068e+000
 -9.2969680e+001
  8.9870932e+001
  3.6336902e+000
  4.1201181e+001
 -1.9998125e+002
  2.1207486e+002
 -7.0803243e+001
 -3.4746110e+001
 -3.7457528e+001
  1.1384855e+002
  1.7281529e+001
 -1.2092127e+002
  7.9122007e+001
 -6.0688472e+001
  8.6655464e+001
 -1.4806768e+002
  1.3223958e+002
 -9.3673806e+000
 -4.8222870e+001
 -8.8505543e+001
  2.4717789e+002
 -2.3754515e+002
  1.1456616e+002
  5.9709785e+001
 -1.4869663e+002
  1.2596606e+002
 -1.5607388e+002
  1.1730647e+002
  2.1880853e+001
  1.1525590e+001
 -7.6867618e+001
  2.5681680e+001
 -4.6978667e+001
 -3.1098294e+000
  7.9554360e+001
  4.0851878e+001
  1.3144161e+001
 -1.4807245e+002
  3.5752059e+000
  1.4327997e+002
 -1.4148175e+002
 -2.3904862e+001
  7.6044895e+001
  9.1647647e+001
 -1.7430079e+002
  1.6005642e+002
 -7.6800028e+001
  1.6692930e+001
  5.1264768e+001
 -9.9614941e+001
  2.1141309e+001
 -1.9719346e+001
  2.5310073e+002
 -3.1373821e+002
 -2.9565511e+001
  1.7056671e+002
 -1.7337517e+001
 -4.2333361e+001
 -2.0285251e+001
  1.5960249e+002
 -1.9967644e+002
  2.0885964e+002
 -2.4659956e+002
  1.1756017e+002
 -6.8598161e+001
  1.8082118e+002
 -1.8764713e+002
  4.9995136e+001
  1.1859633e+002
 -1.5361733e+002
  7.3462425e+001
 -2.3583002e+000
  5.7756620e+000
 -9.2380489e+000
  1.9495884e+001
 -6.9302903e+001
  6.7119316e+001
 -7.7315658e+001
 -4.1392653e+001
  1.9887196e+002
 -1.7930014e+002
  1.0041205e+002
 -7.7067640e+001
  1.2707748e+002
 -7.2558947e+001
 -2.3683827e+000
  5.7978635e+001
 -2.4699136e+002
  3.8429406e+002
 -2.7302987e+002
  8.8641120e+001
 -3.9077943e+001
  1.1128998e+002
 -2.1269388e+002
  1.7379723e+002
 -3.6539442e+001
 -1.0503619e+002
  1.3744887e+002
 -1.0256925e+002
  8.3039337e+001
  8.3227584e+001
 -1.2349979e+002
 -6.9211991e+001
  1.8141757e+002
 -1.1507280e+002
  4.0996715e+001
 -7.0981512e+001
  1.2106858e+001
  1.3404960e+002
 -1.0278652e+002
 -7.7073160e+001
  4.0297548e+001
  8.6743236e+001
  8.9443726e+001
 -2.0804259e+002
  5.2980804e+001
  3.5796232e+001
  2.0532604e+001
  3.5600052e+001
 -2.3980613e+002
  1.7837222e+002
  1.0996383e+001
  4.3532030e+001
 -9.6493917e+000
 -1.6228251e+002
  1.9155264e+002
 -1.1846852e+002
 -4.9475898e+001
  1.0197143e+002
  5.7248016e+001
 -1.1384218e+002
  9.8747539e+001
 -5.2131331e+001
 -4.0476598e+001
  9.5896702e+001
 -2.4404269e+002
  2.6143265e+002
 -7.0854840e+000
 -1.1587489e+002
 -1.1948074e+001
  1.2038555e+002
 -6.1907364e+001
 -6.0828312e+001
  1.7898901e+001
  7.4861117e+001
  7.0129789e+000
 -6.4646607e+001
  5.1665353e+001
 -2.1680959e+000
 -1.5052880e+001
 -4.8214147e+000
 -3.7397312e+000
 -5.2598052e+001
  1.4068672e+002
 -1.7530920e+002
  1.6303643e+002
 -1.5069650e+002
  1.0873872e+002
 -9.8376693e+001
  1.3909377e+001
  1.9918168e+002
 -2.0557114e+002
  5.3491741e+001
 -1.6503257e+001
  1.2951576e+000
  5.7355961e+001
 -8.0675076e+001
 -3.2810909e+001
  1.2029611e+002
 -1.1993165e+001
 -8.2919077e+001
  3.2558430e+001
  1.4636076e+002
 -2.2481819e+002
 -3.1606590e+001
  2.3441961e+002
 -1.1749670e+002
 -7.3383413e+001
  2.3948143e+002
 -2.7735798e+002
  1.8451256e+002
 -9.8379913e+001
  1.1612718e+001
  6.6694755e+001
 -2.2047736e+001
 -9.7660273e+001
  1.1712908e+002
 -5.7183470e+001
 -1.4577908e+001
  1.0581660e+001
  8.3225252e+001
 -2.4560708e+001
 -1.2164019e+002
  2.9795837e+001
  1.6116415e+002
 -1.7486549e+002
  1.1981235e+001
  1.3755918e+002
 -1.0846399e+002
  4.8369297e+001
  2.1247312e+001
 -5.3855832e+001
  3.1689467e+001
 -8.5438255e+001
 -5.1657952e+001
  2.0290520e+002
 -1.6983492e+002
  2.2449864e+002
 -1.6786033e+002
 -1.0482057e+002
  3.0513686e+002
 -1.8080826e+002
 -1.8551847e+002
  2.4741199e+002
 -1.5284090e+001
 -3.3230437e+001
 -6.9992321e+001
  8.7029741e+001
 -3.2567426e+001
 -3.3254052e+001
  4.7887843e+001
  5.1180587e+001
  3.0749914e+001
 -2.4675044e+002
  2.9181079e+002
 -5.0948808e+001
 -2.4996088e+002
  1.7826589e+002
  2.8878626e+001
 -8.4528181e+001
 -2.8299903e+001
  1.3047934e+002
 -2.3604365e+001
 -5.8747784e+001
  1.2336092e+002
 -1.1102961e+002
 -1.4230061e+001
  2.8405987e+001
 -1.9594025e+002
  2.8609718e+002
 -1.1786440e+002
  9.7007654e+001
 -4.8084187e+001
 -1.1283120e+002
  1.0998777e+002
  2.5392161e+001
  3.0355376e+001
 -3.0050816e+002
  2.2684514e+002
  1.7279352e+002
 -3.1008650e+002
  2.2136393e+002
 -7.0057215e+001
  5.3052668e+000
 -5.7282507e+001
 -2.2842244e+000
  1.2736998e+002
 -1.8057420e+002
  1.8341667e+002
 -1.7287998e+002
  1.2331617e+002
 -1.7160821e+002
  2.3901817e+002
 -1.3975496e+002
 -9.9018939e+000
  7.3818413e+001
 -1.5361206e+001
  4.6717928e+001
 -1.4671610e+002
 -8.9477731e+000
  1.2948343e+002
  4.8736362e+001
 -2.1159782e+002
  1.8406637e+002
 -1.1305441e+002
  8.4069305e+001
  1.0752450e+002
 -2.1368542e+002
 -8.0233900e+001
  2.5518694e+002
 -7.8569706e+001
 -7.4780332e+001
  3.3548235e+001
  9.1743282e+001
 -1.3382807e+002
  1.4930858e+002
 -1.2380184e+002
  3.0259345e+001
 -4.3227837e+001
 -5.2011043e+001
  1.7476586e+002
  1.0350267e+001
 -4.2785004e+001
 -9.5235863e+001
 -7.8801513e+001
  1.8647334e+002
  3.6108712e+001
 -2.3081607e+002
  2.6361026e+002
 -1.7143716e+002
  8.4525507e+001
 -7.7608705e+001
  7.8040253e+001
 -3.5405033e+001
 -3.2513245e+000
 -1.5877285e+002
  3.9056492e+002
 -4.0535175e+002
  2.5904605e+002
 -1.4341361e+002
  3.0667501e+001
  1.7077001e+002
 -2.6993917e+002
  1.8375723e+002
 -1.2840917e+001
 -1.0168583e+002
  6.0833685e+001
 -2.6327091e+001
  1.7519983e+001
  4.6036801e+001
 -1.0099793e+002
  8.5752843e+001
 -8.0568795e+001
  4.6978414e+001
  1.1805326e+002
 -1.2225897e+002
 -6.4696820e+001
  2.2681073e+001
  9.6735355e+001
  3.2281503e+001
 -8.6775591e+001
 -6.7695930e+001
  2.3653279e+002
 -2.0714352e+002
  8.1595676e+001
 -1.5652053e+002
  2.7717329e+002
 -1.9386158e+002
  8.6598174e+000
  1.8011736e+001
  5.7076879e+001
 -6.3905362e+000
 -7.4763555e+001
  3.9067423e+001
  4.9443828e+001
 -4.0645566e+001
 -9.6964372e+001
  6.0590635e+001
  3.7399662e+001
  2.1276944e+001
  5.1197436e+000
  2.3018139e+001
 -9.6479190e+001
  1.5158246e+001
  3.7950592e+000
 -1.2300954e+001
  3.2357935e+001
 -3.5460276e+001
  6.1690383e+001
  7.2085363e+001
 -2.2462326e+002
  2.3157891e+002
 -1.4133909e+002
  4.9798849e+001
 -9.3497950e+001
  2.1564665e+002
 -2.7238380e+002
  2.1193621e+002
 -6.9899663e+001
  2.0162531e+001
 -5.5948303e+001
  5.1642279e+001
 -4.1641363e+001
 -1.0034531e+002
  1.9777163e+002
 -2.8753153e+001
 -1.7835313e+002
  1.6179079e+002
 -2.0139162e+001
  4.0046231e+001
 -1.2296322e+002
  1.4547796e+002
 -6.7912906e+001
 -1.8268049e+001
  1.6486997e+000
 -4.7440589e+001
  3.4901475e+001
  1.8762397e+002
 -2.5479684e+002
  1.4462921e+002
 -2.0799704e+002
  1.2933277e+002
  1.5212945e+002
 -2.1663960e+002
  1.0538761e+002
 -8.7769925e+000
 -3.9881229e+001
  4.0369384e+001
  1.9693012e+001
  2.5667049e+001
 -1.8410703e+002
  2.7300093e+002
 -1.9707461e+002
  6.7543483e+001
 -9.2162190e+001
  6.7073824e+001
  4.5516178e+000
 -2.7519346e-001
  1.6814095e+002
 -2.6442164e+002
  1.2265513e+002
  1.6368383e+001
 -8.3301340e+001
  7.5213190e+001
  2.4220447e+001
 -7.7916514e+001
  3.4070176e+001
 -1.2978570e+001
 -4.0016635e+001
  2.5136235e+001
  8.6565144e+001
 -3.5343295e+001
 -6.1187744e+001
 -6.6439921e+001
  8.0940345e+001
  1.4548817e+002
 -2.3291548e+002
  1.4795778e+002
 -1.8812604e+001
 -9.7082471e+001
  1.6558708e+002
 -9.6949863e+001
 -5.6179855e+001
  1.6802050e+002
 -1.9767397e+002
  1.1703148e+002
 -5.1612179e+000
 -7.6743263e+001
 -1.4178017e+000
  7.3690101e+001
 -1.6418330e+002
  2.8005561e+002
 -9.5317028e+001
 -1.3258488e+002
  9.7001756e+001
  8.4207082e+001
 -1.3715506e+002
  1.0803979e+002
 -1.0676901e+002
  4.3281261e+001
 -1.3579082e+002
  2.2105050e+002
  2.4375983e+001
 -9.1959049e+001
 -5.6912487e+001
 -1.8525164e+001
 -2.6547363e+001
  2.3022441e+002
 -1.6834929e+002
  1.0626325e+002
 -2.4118641e+002
  1.9600153e+002
 -5.1966352e+001
  2.5014494e+001
  1.5281771e+002
 -3.4570858e+002
  2.5256115e+002
 -3.6962143e+001
 -4.0450390e+001
 -7.9623128e+001
  4.2456856e+001
  9.7630724e+001
 -9.6509190e+001
  1.8039652e+002
 -7.9234890e+001
 -1.2143088e+002
  1.0462110e+002
 -3.7992787e+001
 -4.3476569e+001
  1.0628819e+002
 -9.8498579e+001
 -1.1341461e+001
  3.3010186e+001
  6.4522558e+001
 -8.2110773e+001
  1.6782606e+001
  3.2387226e+001
 -7.9579091e+001
  1.5299332e+002
 -1.7041726e+002
  1.8433366e+001
  5.0728965e+001
  1.3508155e+002
 -1.8483182e+002
  1.4360007e+002
 -1.6796996e+002
  2.0571424e+002
 -1.2011601e+002
 -4.9055909e+001
  9.8557171e+001
 -1.8610677e+002
  1.5891526e+002
 -7.7167803e+001
  9.1719625e+001
 -5.8797100e+001
  1.1334488e+002
 -2.0021796e+002
  1.5786736e+002
 -1.5463240e+001
 -1.3896146e+002
  1.2578640e+002
  3.0786712e+001
 -8.0246404e+001
  6.4024528e+001
 -1.0637326e+001
 -8.7486651e+001
  8.8273662e+001
 -2.0889312e+001
 -4.9820810e+001
  9.1255968e+001
 -5.6866640e+001
 -1.0534988e+002
  3.3990166e+002
 -3.1273796e+002
  1.1546863e+002
 -2.1805947e+002
  3.2141240e+002
 -2.4027271e+002
  1.9242528e+002
 -7.7289187e+001
  6.4124639e+001
 -7.7263363e+001
 -5.1322543e+001
  8.9271443e+001
 -1.8562088e+002
  3.3837002e+002
 -3.2960205e+002
  2.0107973e+002
 -1.1848981e+001
 -4.4063639e+000
 -5.6298944e+001
  1.2520854e+001
  4.2393489e+001
 -2.0300832e+002
  2.9918311e+002
 -1.1159994e+002
 -9.3737228e+001
  7.0849623e+001
  8.0416422e+001
 -1.3273145e+002
  1.1269655e+001
 -1.8342229e+001
  1.5368703e+002
 -1.6704125e+002
  2.1852647e+002
 -2.1555480e+002
  3.6727676e+001
  1.8137589e+002
 -3.0019020e+002
  2.0061017e+002
 -2.0918180e+001
 -1.5883709e+002
  1.8199279e+002
  9.1924983e+000
 -8.2312874e+001
  8.3512780e+001
 -8.3970011e+001
 -1.1592197e+002
  1.0261326e+002
  1.0812853e+002
  1.3768721e+001
 -1.4788458e+002
  1.1284757e+002
 -4.1725076e+001
 -1.0614303e+002
  3.9998630e+001
  1.5607079e+002
 -1.3931617e+002
  1.3669953e+002
 -1.2113124e+002
  2.8699675e+001
 -9.9277665e+001
  1.9727313e+002
 -1.2904662e+002
 -6.0967078e+000
  9.2579000e+001
 -3.1069074e+001
 -6.9118908e+001
  6.9129108e+001
 -3.8539234e+001
 -7.1060368e+001
  1.3799242e+002
 -1.1007844e+002
  1.7852222e+002
 -1.9800019e+002
  1.3831254e+002
 -1.3627837e+002
  1.3717557e+002
 -1.5234353e+002
  5.7033617e+001
  1.0117190e+002
 -1.0624351e+002
 -5.5129514e+000
  5.1447964e+001
  2.3141088e+001
  6.2282098e+001
 -1.6701411e+002
  1.5767622e+002
 -1.8119210e+002
  2.1189722e+001
  9.5684479e+001
 -1.3514291e+002
  2.6220420e+002
 -2.0229816e+002
  8.6072222e+001
  2.5336644e+001
 -1.1561759e+002
  9.0157421e+001
 -1.4504340e+001
 -3.8516380e+001
 -4.6202705e+000
 -1.3943493e+002
  3.4513224e+002
 -1.7335433e+002
 -7.5541209e+000
 -4.3136303e+001
 -2.4096485e+001
  1.9814642e+002
 -5.8967522e+001
 -2.0993563e+002
  7.4552648e+001
  2.5731231e+002
 -3.7851656e+002
  1.5598140e+002
  8.9174297e+001
  6.0014683e+001
 -2.3606089e+002
  8.2882576e+001
  1.6041309e+001
  2.2439069e+001
 -8.4693658e+000
 -2.1016368e+001
  1.5543373e+002
 -2.6147338e+002
  2.8817756e+002
 -2.6426377e+002
  8.8626519e+001
 -2.8205976e+001
  1.6285051e+002
 -1.8577347e+002
  8.8200525e-001
  1.2024370e+002
 -7.4908577e+001
  6.5851462e+001
 -1.3118668e+001
 -1.2407376e+002
  1.1523829e+002
 -5.0720794e+001
  1.1597095e+002
 -1.1788538e+002
 -2.7380404e+001
  1.7775797e+002
 -2.1481438e+002
  9.9219466e+001
 -6.7005862e+001
  3.8380375e+001
  6.1607898e+001
  1.0124294e+002
 -1.1101122e+002
 -4.6281147e+001
 -1.0116875e+002
  1.9073681e+002
 -4.1250631e+001
 -8.1756477e+001
  4.6110896e+001
  7.6713822e+001
 -1.5169935e+002
  1.4360685e+002
 -7.8760570e+001
 -8.4728949e+001
  1.8234805e+002
 -7.3498604e+001
 -1.3510042e+002
  1.5363966e+002
  6.6868792e+000
 -2.7115430e+001
  6.2632042e+001
 -8.3176224e+001
 -7.0817596e+001
  1.2593487e+002
 -7.3859149e+000
 -1.8396297e+002
  3.0254811e+002
 -1.4875606e+002
 -1.4443955e+001
  1.1812733e+002
 -2.7528031e+002
  1.3705433e+002
  6.0517007e+001
  6.9425139e+001
 -9.7728024e+001
 -1.2343309e+002
  2.0826728e+002
 -1.8951367e+002
  2.3410806e+002
 -2.2735523e+002
  1.8202241e+002
 -1.1095194e+002
  3.2896856e+001
 -1.1857783e+002
  1.3700297e+002
  8.6644622e+000
 -9.7469749e+001
  1.9138000e+002
 -8.6062990e+001
 -1.6664670e+002
  1.4542126e+002
 -2.2055210e+001
  5.7239216e+001
 -1.5064432e+002
  1.0607397e+002
  9.2065600e+001
 -1.7799697e+002
  2.0040577e+000
  1.4659579e+002
 -1.9608575e+002
  2.3374947e+002
 -9.4370135e+001
  4.0840687e+001
 -1.3410893e+002
  4.2077571e+001
 -4.0496081e+001
  2.2849868e+002
 -1.8971968e+002
  1.8130735e+001
  1.8333831e+000
  9.4442763e+000
 -5.4562974e+001
  1.0445957e+002
  2.8338145e+001
 -2.4262457e+002
  3.3961548e+002
 -2.2597230e+002
 -4.8365975e+000
  5.7648174e+001
  1.5076933e+002
 -1.9588482e+002
  8.2663402e+001
 -7.0981350e+001
  3.7461889e+001
  6.3003030e+001
 -1.5884453e+002
  9.2828092e+001
  3.7524553e+001
 -2.1064011e+001
 -2.0635545e+001
  1.1358847e+002
 -1.6786723e+002
  4.5079486e+001
 -4.5591383e+001
  5.7132176e+001
  4.0860197e+001
 -9.4410815e+001
  7.6801082e+001
 -5.3495742e+001
  8.5726061e+001
 -5.9145276e+001
 -2.2374616e+001
  6.4091890e+001
 -9.3436817e+001
  1.5662317e+002
 -1.5932645e+002
  9.7152773e+001
 -6.8541978e+001
  1.0633443e+002
 -1.6665820e+002
  2.7745032e+002
 -2.8278481e+002
 -6.4488938e+001
  1.9373604e+002
  6.1375565e+001
 -2.9808747e+001
 -8.6482971e+001
  3.0309987e+001
 -7.6970160e+001
  9.7558133e+000
  1.6429658e+002
 -1.0735503e+002
  1.0824160e+001
 -8.6623259e+001
  1.6856973e+002
 -1.2214459e+002
  1.0969894e+002
 -1.7544576e+002
  2.1349145e+002
 -2.1146127e+002
  1.7780464e+002
 -3.1242611e+002
  3.9816280e+002
 -1.0486103e+002
 -9.6139444e+001
 -4.9150097e+001
  1.5711116e+002
  1.7575837e+001
 -2.2627221e+002
  1.9383469e+002
 -1.5392800e+001
 -1.7686698e+002
  2.0413173e+002
  2.6628460e+000
 -2.2826269e+002
  1.8775407e+002
  1.0738481e+002
 -2.2800135e+002
  5.7318401e+001
  1.1994975e+002
 -1.5544595e+002
  9.7328248e+001
 -2.5104444e+001
  4.1769563e+001
 -1.8372294e+002
  1.8683302e+002
 -2.0065818e+001
 -4.3824558e+001
 -5.5869870e+001
  1.6467084e+002
 -6.8780701e+001
 -8.9043343e+001
  3.4237243e+001
  1.0275113e+002
 -2.2942568e+001
 -2.7249974e+001
 -5.8070079e+001
 -1.1895485e+002
  1.8496352e+002
  9.2057385e+001
 -1.8069170e+002
  2.8088397e+001
  8.4349818e+001
 -1.1275304e+002
  1.1706548e+002
 -3.7791759e+001
 -3.1488080e+001
 -8.1105169e+001
  1.5033302e+002
 -6.2944289e+001
 -1.7049466e+001
  7.3646351e+001
 -7.9087956e+001
 -4.3119309e+001
  4.9581110e+001
  7.8009741e+001
 -7.3906053e+001
  7.2417437e+001
 -7.4688793e+001
  1.2648037e+001
 -4.8871926e+001
  9.7740364e+001
 -1.2414116e+002
  2.0424852e+002
 -2.0066051e+002
  1.3055825e+002
 -9.3131487e+001
  3.3373796e+001
  1.3504900e+002
 -2.4151094e+002
  1.3948420e+002
 -1.8009950e+002
  2.0612727e+002
  1.6135513e+001
 -4.6178898e+001
 -4.4635365e+001
 -5.2313471e+000
 -1.8286383e+001
  1.0859096e+002
 -1.1723978e+002
  1.1858749e+002
 -1.4858354e+002
  1.7524933e+002
 -5.4320853e+001
 -1.6694371e+002
  1.4164263e+002
  7.1133040e+001
 -7.9890602e+001
 -1.1667317e+002
  2.1005326e+002
 -1.2579259e+002
 -2.6255988e+001
  1.1992963e+002
 -8.4393998e+000
 -9.5985001e+001
 -4.2467955e+001
  1.8895544e+002
 -2.1284583e+002
  1.8069216e+002
 -2.8610392e+001
 -5.1069972e+001
 -9.8661608e+001
  1.3693881e+002
 -2.9766016e+001
  9.6674299e+001
 -2.5414832e+002
  2.3017538e+002
 -1.0774215e+002
 -2.1401997e+001
  1.9672694e+002
 -2.3560765e+002
  1.9235238e+002
 -6.7459026e+001
 -2.1792848e+002
  2.5470360e+002
 -9.0265852e+001
  1.0256713e+002
 -1.6055502e+002
  1.4371982e+002
 -1.3864465e+002
  1.5043222e+002
 -1.4854334e+002
 -6.2758028e+001
  2.4347729e+002
 -3.4644254e+001
 -8.8438547e+001
  8.6798282e+001
 -1.6695265e+002
  3.9608261e+001
  4.9045733e+001
  1.0818928e+002
 -1.6074951e+002
  6.1367926e+001
  1.0779562e+001
  2.9099864e+001
 -4.2871019e+001
 -4.2717468e+001
  6.6211482e+001
 -2.3890827e+001
 -5.5395862e+001
  4.4944954e+001
  5.4543313e+001
 -6.5355217e+001
 -3.2479527e+001
  1.5885438e+002
 -1.6030838e+002
  4.7645165e+001
  5.0121337e+001
 -4.3525017e+001
 -1.1798966e+001
  5.4518035e+001
 -1.6984941e+002
  2.1245531e+002
 -4.0672656e+001
 -6.9643035e+001
 -7.6327180e+001
  2.8812673e+002
 -3.1896589e+002
  1.1423151e+002
  2.5100129e+001
  1.1496513e+002
 -3.0314517e+002
  3.0249123e+002
 -1.5499968e+002
  8.6293497e+001
 -8.5072194e+001
  1.0856369e+002
 -1.3388499e+002
  8.3133022e+001
 -5.5608371e+001
 -4.4698271e+000
  5.1403051e+001
 -6.7125815e+001
  9.9708869e+001
  1.1331957e+002
 -2.9129459e+002
  3.6882947e+001
  9.6809934e+001
 -5.7365980e+001
  2.0980050e+002
 -2.7633212e+002
  1.8696676e+002
 -9.8135208e+001
  5.3264234e+001
 -2.9114902e+001
  1.8386390e+001
  2.6281215e+001
  7.2313250e+001
 -1.7693359e+002
  8.3256443e+001
 -7.8711037e+001
  1.7505753e+002
 -2.7537373e+002
  1.2676982e+002
  1.7670166e+002
 -2.2051793e+002
  1.0141005e+002
 -2.4513488e+001
 -7.0866769e+001
  1.3227170e+002
 -3.9373639e+001
  1.0182334e+001
 -9.9464785e+001
  5.8858561e+001
  2.1527552e+001
 -2.4891485e+001
 -7.4234712e+000
  4.9752315e+000
  1.0952684e+002
 -1.3205351e+002
  1.7978754e+001
  4.4386411e+001
 -3.9878372e+001
  9.4808931e+001
 -1.7296579e+002
  1.5840759e+002
 -8.1393688e+001
 -1.0404462e+002
  2.3888418e+002
 -1.3930957e+002
  1.8113629e+002
 -3.5248586e+002
  1.5303750e+002
  1.9913796e+002
 -2.1260053e+002
  8.3451146e+001
  4.2358937e+001
 -1.1002993e+002
 -3.7733378e+001
  7.2140506e+001
 -3.4548032e+001
  9.7763171e+001
 -6.0187842e+001
 -1.0739196e+002
  2.3955885e+002
 -1.2734039e+002
 -7.9676104e+001
  7.2812770e+001
  3.6943602e+001
 -3.7172356e+001
  4.2987322e+001
 -1.4932723e+002
  1.6812966e+002
 -8.9853390e+001
  1.0372448e+001
  4.4840501e+001
  1.3532702e+002
 -3.4081646e+002
  2.7438018e+002
 -1.2975139e+002
  3.2614651e+001
  1.1178964e+002
 -2.9337955e+002
  2.5567487e+002
 -9.2112655e+001
  7.0446551e+001
 -8.6227860e+001
  6.9918570e+001
 -1.8445917e+001
 -9.0061510e+001
  1.4165140e+002
 -6.4731110e+000
 -1.5428607e+002
  1.7252868e+002
 -8.6369421e+001
  5.4069017e+000
 -9.1553148e+001
  1.5191849e+002
  1.5277108e+001
 -1.1710655e+002
 -7.2561919e+000
  9.7237785e+001
 -2.7006637e+001
  7.6929480e+001
 -1.4978927e+002
 -1.2888518e+001
  1.7089611e+002
 -1.7971718e+002
  7.8815869e+001
  7.8146706e+000
  4.6861999e+000
 -1.1681325e+002
  2.4804072e+002
 -2.8468351e+002
  1.9813278e+002
 -6.0567192e+001
 -5.0098417e+001
  6.0077692e+001
 -1.5843996e+002
  4.1039188e+002
 -3.8613883e+002
  1.0878036e+002
  4.1227685e+001
  3.5465192e+000
 -5.1391864e+001
  2.1872619e+002
 -4.0090399e+002
  2.3011611e+002
 -5.6201270e+001
  1.0521303e+002
 -9.6169966e+001
  3.1202658e+001
  7.1275163e+001
 -2.5748478e+002
  3.8892930e+002
 -3.3186001e+002
  1.6618435e+002
 -1.3095468e+002
  1.2417953e+002
  8.9910523e+001
 -3.3261209e+002
  3.2678071e+002
 -8.3645384e+001
 -7.8178916e+001
 -3.9970631e+001
  1.3422656e+002
  8.3827094e+001
 -3.8247012e+002
  3.4639067e+002
 -1.7893387e+002
  7.1378389e+001
  4.0983704e+001
 -1.5100654e+001
 -9.7282487e+001
  2.4074808e+002
 -2.0988949e+002
  8.0848418e+001
 -8.2908048e+001
  1.0501222e+002
 -2.1903022e+002
  2.2797571e+002
 -8.7420027e+001
  1.7420779e+001
 -5.8255417e+001
  1.9666361e+002
 -9.3645579e+001
 -5.7766020e+001
 -7.9491312e+001
  1.1770877e+002
 -2.7824365e+001
  9.3762596e+000
  2.6554689e+001
  5.1231427e+001
 -1.9190675e+002
  3.0504835e+001
  2.4063495e+002
 -2.8660677e+002
  1.0584809e+002
  1.4800119e+002
 -1.7468990e+002
  3.0522301e+001
 -3.1182174e+001
  4.8602586e+001
  5.5034621e+001
 -5.6280548e+001
  3.9255847e+001
 -8.1121875e+001
  1.5427354e+002
 -2.4427451e+002
  3.0893860e+001
  1.7005171e+002
  8.1569702e+001
 -3.1072330e+002
  3.3063483e+002
 -3.3884875e+002
  2.3872660e+002
  1.8408326e+001
 -1.1185649e+002
 -5.1546480e+001
  3.1521863e+001
  1.4309412e+002
 -7.9953522e+001
 -4.6713827e+001
 -5.3769696e+001
  7.2261752e+001
  5.5672157e+001
 -1.2562870e+002
  1.6908997e+002
 -1.3336119e+002
  1.3296577e+002
 -1.6102322e+002
  7.3603928e+001
  3.6807122e+001
 -4.5491820e+001
 -5.2747852e+001
  4.5020354e+001
  1.3280246e+002
 -1.5604263e+002
 -7.3043784e+001
  1.5474782e+002
 -1.2586506e+002
  2.1830228e+002
 -1.4759699e+002
  1.1732117e+001
 -4.1831383e+000
 -7.2370588e+001
  8.2448589e+001
 -1.8136392e+002
  3.3341460e+002
  3.9460665e+001
 -2.8333131e+002
  3.0613566e+001
  1.0993571e+002
 -7.8297137e+001
  8.4557455e+000
  3.3982602e+001
  5.7590918e+001
 -1.8388340e+002
  1.6365744e+002
 -1.3163159e+002
  2.3491538e+002
 -3.1416246e+002
  1.7154104e+002
 -4.9143436e+001
  8.2381182e+001
 -1.9842177e+001
 -8.5452806e+001
  3.1357698e+001
  8.6635961e+001
 -5.3226060e+001
 -4.9002912e+001
  1.0988434e+002
 -6.5718979e+001
 -4.0307688e+000
 -1.2941929e+002
  1.3595404e+002
 -2.0305545e+000
 -1.8779462e+002
  3.4203591e+002
 -1.7115903e+002
  5.7935954e+001
  3.4152960e+001
 -2.5043311e+002
  1.7771988e+002
  3.2423654e+001
  1.0110332e+002
 -2.9960752e+002
  1.7746858e+002
 -1.2295293e+002
  2.2215347e+002
 -7.6448936e+001
 -2.9542865e+001
 -5.0525588e+001
  4.4326910e+001
 -9.4389742e+001
  1.9846872e+001
  2.6797856e+002
 -2.6091930e+002
  6.1200872e+001
  8.8676024e+001
 -2.0318241e+002
  1.5230468e+002
 -3.3198525e+001
 -1.0868329e+002
  1.3351243e+002
  4.9082893e+001
 -1.7133332e+002
  1.6291758e+002
 -5.7243592e+001
 -4.8933141e+001
  9.2027979e+001
 -9.2650531e+001
  4.1643679e+001
 -1.9821098e+001
  4.2515618e+000
 -1.1038006e+002
  1.8980922e+002
  2.6895020e+000
 -1.5485822e+002
  8.9503900e+001
 -1.4237118e+001
  5.9216454e+001
  2.7352381e+001
 -1.9277472e+002
  1.2815952e+002
  6.3044132e+001
 -2.4276649e+002
  2.9273249e+002
 -1.9580302e+002
  1.7411047e+002
 -2.4555366e+002
  2.3597807e+002
 -8.2024992e+001
 -9.4085401e+001
  1.4190870e+002
 -1.7347500e+002
  1.0442301e+002
  1.0564546e+002
 -2.3395224e+002
  3.1234484e+002
 -1.6426169e+002
  1.1255840e+001
 -2.7396504e+001
 -9.3018464e+001
  1.4380653e+002
 -1.1528184e+002
  9.3839343e+001
  2.7333811e+001
 -6.4969412e+001
  3.4357639e+001
 -8.4748799e+001
  8.7311249e+001
 -8.6900709e+001
  2.8208522e+002
 -5.0067157e+002
  4.4973695e+002
 -2.8239678e+002
  2.6643657e+002
 -2.9922514e+002
  2.5235401e+002
 -3.1084596e+002
  3.3690578e+002
 -1.3686942e+002
  5.4803522e+001
 -7.5313321e+001
  1.1373833e-001
  2.4556849e+001
  1.0729138e+001
  5.4922940e+001
 -7.6417856e+001
 -8.2172619e+001
  9.2891824e+001
  7.2451527e+001
 -2.2061445e+002
  2.4628276e+002
 -1.8090701e+002
  2.0676084e+002
 -2.5640463e+002
  2.0985076e+002
 -1.0043716e+002
  1.3327211e+002
 -1.8938005e+002
 -2.4008083e+001
  2.0999613e+002
 -1.1066837e+002
 -4.5791211e+001
  6.3222802e+001
  3.1615845e+001
 -6.7924372e+001
 -2.8133912e+000
  6.7407259e+001
  1.6274270e+001
 -1.8286071e+002
  1.7703751e+002
 -4.3671598e+001
 -7.0218474e+001
  2.2888771e+002
 -3.4030810e+002
  2.3261283e+002
 -7.9188131e+001
 -6.3511140e+000
  1.7168916e+002
 -3.4869230e+002
  3.2152180e+002
  2.9435569e+000
 -1.5966495e+002
 -1.3014788e+002
  2.3102698e+002
 -4.9818083e+001
 -3.4417094e+001
  9.4724016e+001
 -1.5113101e+002
  1.2760349e+002
 -9.4741108e+001
 -3.1911648e+001
  1.3285016e+002
 -1.0022782e+002
  5.7607206e+001
  4.8564076e+001
 -4.6863122e+001
 -6.6075463e+001
  1.5841069e+002
 -1.6802787e+002
  2.1656009e+001
  3.7978011e+001
  6.7494305e+001
 -1.1522023e+002
  6.0973666e+001
  5.3816133e+001
 -8.1051962e+001
 -1.3757065e+001
 -5.7919584e+001
  1.0651482e+002
 -5.4121427e+001
  6.0041197e+001
  5.4520575e+000
 -1.4090877e+001
 -2.7566411e+001
 -5.2886248e+001
  1.2308313e+002
 -1.0327185e+002
  1.0418446e+002
  5.6403981e+001
 -2.2046914e+002
  7.7004619e+001
  7.1596866e+001
 -8.1513352e+001
  1.1909706e+002
 -1.3182772e+002
  5.5338292e+001
 -4.0066043e+001
 -6.2484011e+000
  3.3748137e+001
 -2.1305250e+001
  2.9963540e+001
  8.0359718e+001
 -1.9620519e+002
  1.9640878e+002
 -2.1555005e+001
 -6.5176888e+001
  3.3654447e+000
  1.8139927e+001
 -1.6675608e+002
  2.3852805e+002
 -1.6309772e+002
  1.6103377e+002
 -1.9933184e+002
  1.7420224e+002
  1.1278185e+001
 -1.7435780e+002
  1.1191092e+002
  1.1245171e+002
 -1.3453569e+002
 -7.8249806e+001
  1.3685821e+002
 -5.9039488e+001
 -6.2931628e+001
  1.0095219e+002
 -7.0060165e+001
  8.6918653e+001
 -1.1028869e+002
  1.7082677e+002
 -1.3300269e+002
  4.0278210e+001
 -2.3104619e+001
  8.1378592e+001
 -1.7302821e+002
  1.7969758e+002
 -5.5894353e+001
 -2.2594168e+002
  4.1264934e+002
 -1.3628560e+002
 -1.8749853e+002
  1.4954861e+002
 -1.8757656e+002
  2.2984571e+002
 -6.1977690e+001
  2.5477285e+001
 -5.9201688e+001
  1.2015751e+002
 -1.6718258e+002
 -3.3877191e+001
  2.3332424e+002
 -1.5734578e+002
 -4.9209730e+001
  8.5635167e+001
 -3.7809683e+001
  1.8559500e+001
  8.0522725e+001
 -2.2742168e+002
  2.9991090e+002
 -2.0375055e+002
  1.1757436e+002
 -8.1636602e+001
  1.2074213e+002
 -2.0349058e+002
  1.4383624e+002
  2.8872057e+001
 -1.6874668e+002
  2.4997395e+002
 -3.0458720e+002
  1.2016166e+002
  1.3007489e+002
 -1.5447141e+002
  6.6917104e+001
  4.9886135e+001
 -1.0007303e+002
  1.1630146e+002
 -1.8064967e+002
  9.1842855e+001
  7.4244189e+001
 -2.9635526e+001
 -1.7281035e+002
  3.5808991e+002
 -3.1386360e+002