3.7544577e-001
2.7757736e+000
 -1.4749286e+000
 -1.4596236e+000
  2.6110583e+000
 -4.9586586e+000
  3.5232299e+000
 -8.3060735e-001
 -2.5853439e-001
  2.8476736e+000
 -1.1478406e+000
 -2.6168301e+000
  4.9175793e-001
  1.4180241e+000
 -5.7604843e-001
 -8.5217055e-001
  2.9169392e+000
 -3.3260450e+000
  3.4196431e+000
 -3.1411188e+000
  4.9433186e+000
 -8.2405404e+000
  9.9545084e+000
 -8.1849530e+000
  3.8028317e+000
  5.9271576e-001
 -3.7219812e+000
  2.1629476e+000
 -1.8375248e+000
  3.7164404e+000
 -2.5841266e+000
  1.2005254e+000
 -2.5448599e+000
  2.3334315e+000
  1.3914498e+000
 -1.8061129e+000
 -2.5994519e+000
  5.7518377e+000
 -4.7376356e+000
  4.4640621e+000
 -2.6980653e+000
 -2.5157963e+000
  2.6978221e+000
 -9.8343624e-001
  3.3668566e+000
 -5.1442086e+000
  3.7649149e+000
 -8.6307153e-001
 -3.1417403e+000
  2.9149789e+000
  5.6098188e+000
 -9.5356744e+000
  5.7083367e+000
 -2.6272244e+000
  1.3319085e+000
 -4.1010083e+000
  3.8718802e+000
  5.4039841e-001
 -1.2252229e+000
  6.0309585e-001
 -7.1156749e-001
  1.0096622e+000
  5.3375887e-002
 -1.6997569e+000
  2.2735643e+000
 -1.0474544e+000
 -3.1662428e-001
 -1.0329077e-001
  1.1247570e-001
 -3.7776869e+000
  9.4552631e+000
 -5.6521256e+000
 -1.8122979e+000
  2.3575985e+000
  6.1432558e-001
 -2.5983382e+000
  8.7490480e-001
  3.5190776e+000
 -3.8846409e+000
  2.4104221e+000
 -3.3442212e+000
  1.8578531e+000
 -6.6520961e-001
  3.4051728e+000
 -4.6257625e+000
  2.6556170e+000
 -2.9252681e+000
  3.8295016e+000
 -3.1347208e-001
 -1.6740368e+000
  8.9858429e-001
 -3.3534087e+000
  5.7161131e+000
 -1.2073496e+000
 -3.6367584e+000
  6.6182253e-002
  2.6392226e+000
  3.1864066e-002
 -3.0683801e+000
  5.7677840e+000
 -4.6501576e+000
  2.8580265e+000
 -1.7629043e+000
 -5.1790161e-001
 -7.8412473e-001
 -5.7867044e-001
  3.8731913e+000
  8.5351886e-001
 -4.0044384e+000
  1.7827967e+000
 -8.9439938e-001
 -1.7375771e+000
  3.3498082e+000
 -2.0833108e+000
  1.4780198e+000
  1.4332616e+000
 -4.5841708e+000
  5.8863884e+000
 -6.5447352e+000
  3.5410187e+000
 -1.0260404e+000
  4.3973784e+000
 -5.5935603e+000
  1.5371046e+000
  2.2010751e-001
 -9.9323479e-001
  1.4465977e+000
 -2.0047681e-001
  6.0799613e-001
 -2.8937770e+000
  5.2112058e+000
 -3.7275351e+000
  1.6425517e+000
 -1.8024759e+000
 -3.2892166e-001
  4.0533871e+000
 -5.1188616e+000
  3.5721189e+000
 -3.6608656e+000
  6.3860894e+000
 -4.3859271e+000
 -5.1496083e+000
  8.2679373e+000
 -2.1043489e-001
 -3.3205540e+000
 -1.8545666e+000
  2.0041373e+000
  5.9231842e-001
 -1.0037716e+000
  2.2406241e+000
 -6.0511908e-001
 -2.2790111e+000
  3.6914477e-001
  4.5843141e+000
 -2.9421838e+000
 -2.2839920e+000
  4.3338232e+000
 -1.1396475e+000
 -3.5982117e+000
  1.7712600e+000
  7.2706961e-001
  1.6582673e+000
 -2.8577123e+000
  9.8924992e-001
 -2.4965916e+000
  4.3076085e+000
 -2.9504148e+000
  1.3872645e+000
  1.0554735e+000
  1.2426308e+000
 -6.4123526e+000
  3.4882089e+000
  2.6819810e+000
 -3.5454907e+000
  1.8701139e+000
 -3.8195118e+000
  6.1765678e+000
 -3.3166578e+000
  2.2101890e+000
 -2.6123280e+000
  1.4369576e+000
 -4.0857706e+000
  3.7981848e+000
  1.8598645e+000
 -7.8661260e+000
  9.3367215e+000
 -2.7077722e+000
 -3.0804625e+000
  8.9648727e+000
 -1.1117479e+001
  4.0803955e+000
 -2.0661974e-001
  2.1849636e+000
 -4.4621468e+000
  6.7539734e+000
 -8.2536875e+000
  3.6768807e+000
  1.2861879e+000
 -1.4460795e+000
  1.2544945e+000