8.3548708e+002
-8.7904161e+002
  5.2860894e+002
 -4.8463970e+002
  5.6831276e+002
 -6.4722015e+002
  2.6913733e+002
 -2.3777252e+002
  9.3601355e+002
  2.2642887e+001
 -1.0499963e+003
 -2.9966880e+002
  1.4991823e+003
 -1.4452755e+003
  9.2755943e+002
 -6.9834714e+002
  1.5330175e+003
 -1.6692696e+003
  8.9737277e+002
 -1.6705043e+003
  2.0047547e+003
 -8.5094908e+002
  9.7486377e+002
 -9.7663088e+002
  1.2550665e+002
 -3.8506852e+002
  8.9085709e+002
 -7.6284803e+002
  1.2150892e+003
 -1.4406541e+003
  6.9969149e+002
  9.5212699e+001
 -9.2391185e+002
  7.4450751e+002
  8.5419907e+000
  3.6695772e+002
 -1.2442185e+003
  1.0456951e+003
 -3.7803148e+001
 -3.1405933e+002
  1.9667108e+002
  3.9479511e+002
 -9.5736373e+002
  6.4942998e+002
 -1.2720540e+002
  1.0362473e+001
 -2.6056038e+002
  6.8047307e+002
 -1.4421698e+003
  1.0994360e+003
  3.3647466e+001
 -1.6889713e+002
  2.4474418e+002
 -8.3930227e+002
  9.6082456e+002
 -1.8052729e+002
 -8.6211280e+002
  1.1795668e+003
 -3.8792337e+002
 -2.1365332e+002
  2.7606798e+002
 -8.9295398e+001
 -1.2790220e+003
  1.4572080e+003
  1.6048244e+002
  7.7713203e+001
 -6.3123634e+002
 -9.9143788e+001
 -9.4692242e+001
  1.0051658e+003
 -3.5693320e+002
 -6.0874232e+002
 -2.9915799e+002
  5.5446383e+002
 -1.1057762e+000
  2.0954872e+002
 -2.8976825e+002
  3.1657318e+002
 -6.4944151e+002
  1.1569382e+003
 -1.3087890e+003
  1.0102796e+003
 -5.8720693e+002
 -1.2473616e+002
  1.2663709e+002
  8.6100929e+002
 -1.4706653e+003
  9.6114340e+002
  4.4677202e+001
 -1.9255423e+002
 -3.3650327e+001
  2.0730953e+001
 -1.3404525e+002
  9.5678277e+001
 -2.4400441e+002
  2.0240240e+001
  5.7171902e+002
 -1.1993979e+002
 -4.9035235e+002
  4.1290573e+002
  2.5405968e+002
 -1.0365634e+003
  8.4627911e+002
 -1.5040266e+002
 -1.7942774e+002
  2.0515731e+002
  3.1124239e+002
 -6.4138401e+002
  2.4528920e+002
  1.3129426e+002
 -8.4728213e+002
  1.5475472e+003
 -9.5070731e+002
  2.0058192e+002
  7.7557421e+001
 -4.6936593e+002
  3.4256918e+002
 -6.1551791e+002
  1.1613016e+003
 -3.0601517e+002
 -1.1333800e+003
  9.7846777e+002
  3.5957248e+002
 -5.4120112e+001
 -7.5723681e+002
  2.4716299e+002
 -4.8217826e+001
  3.1438294e+002
 -4.0287297e+002
  2.4345067e+002
  5.1978239e+002
 -6.2716859e+002
  2.9823439e+001
 -9.6407481e+000
  1.3897390e+001
 -4.8519337e+001
  1.1002571e+003
 -1.8181581e+003
  2.7243400e+002
  1.3005618e+003
 -1.3958584e+003
  8.3390328e+002
 -6.3801952e+001
 -1.9104614e+002
  6.3854734e+002
 -1.0454332e+003
 -7.5053866e+001
  1.0346271e+003
 -4.6566475e+002
  2.3486308e+002
 -4.7906699e+002
  1.4031808e+002
  2.1298200e+001
  3.2331085e+002
 -3.0156839e+002
 -6.9395512e+002
  2.1247952e+003
 -2.8422756e+003
  2.0610434e+003
 -8.2476959e+002
  1.0827621e+003
 -1.2075501e+003
  2.4365297e+002
 -1.2840277e+002
  9.0855501e+002
 -1.3722858e+003
  1.2387299e+003
 -9.5928160e+002
  2.2006974e+002
  2.9471093e+002
 -3.5124160e+002
  2.6801191e+002
  5.1618946e+002
 -8.2929901e+002
  6.8416033e+002
 -2.6325593e+002
 -8.5461831e+002
  1.0244231e+003
 -2.7950791e+002
 -3.3295814e+002
  4.1402759e+002
 -2.2059307e+001
 -3.7233366e+002
  3.9407570e+002
  1.2210966e+002
  8.1592468e+001
 -3.1183208e+002
 -5.8915868e+002
  1.5079970e+003
 -1.4198601e+003
  1.1385306e+003
 -1.5879100e+003
  1.0068812e+003
  2.2973555e+002
 -2.5329739e+002
  7.6500660e+002
 -1.7778169e+003
  1.8916388e+003
 -8.5072254e+002
 -8.2363255e+002
  1.1072454e+003
 -7.7451435e+002
  3.5080289e+002
  2.6416630e+001
  5.6349486e+002
 -8.7030848e+002
  4.8062773e+002
 -3.4885133e+002
  3.2791720e+002
 -2.1126394e+002
  4.5232734e+002
 -3.2625664e+002
 -3.8170970e+002
  1.3930791e+003
 -1.5353972e+003
  7.7065716e+002
 -5.3607361e+002
 -5.0800323e+001
  2.7394225e+002
  6.5740265e+002
 -7.6945711e+002
 -2.3432851e+001
  3.3549503e+002
 -3.3160898e+002
  1.5894948e+002
  4.6536101e+002
 -6.7341520e+002
  8.8002218e+002
 -1.6979506e+003
  1.6329621e+003
 -3.8326689e+002
 -4.9470091e+002
  6.8868252e+002
 -8.3700775e+002
  6.2887035e+002
 -1.0667932e+003
  1.2197786e+003
  8.5138890e+002
 -2.1275783e+003
  1.5449871e+003
 -9.6445704e+002
  2.3086302e+002
 -5.5327623e+001
  5.2053164e+002
 -9.3144864e+002
  1.2657423e+003
 -9.2534697e+002
  1.5005844e+002
  2.9746212e+002
 -4.4591254e+002
  4.3783380e+002
  1.8171890e+002
 -2.3153863e+001
 -1.5232704e+003
  1.9816912e+003
 -1.0230801e+003
  7.7751961e+001
  2.9448968e+002
  1.8745061e+002
 -4.7003423e+002
  2.8776966e+001
 -4.1269351e+002
  1.2787792e+003
 -1.2890966e+003
  6.8447543e+002
  2.3761033e+001
  9.3888597e+001
 -5.1672604e+002
  1.8419882e+002
  5.1432227e+002
 -9.8646781e+002
  8.6518439e+002
 -5.6366355e+002
  9.3834984e+001
  5.4299964e+002
 -6.0007176e+002
 -9.8400957e+000
  9.1794094e+002
 -1.6393200e+003
  4.7105662e+002
  9.2420361e+002
 -5.5526890e+001
 -6.5281622e+002
  7.1687303e+002
 -1.4209490e+003
  1.2427153e+003
 -2.5143984e+002
  4.9283853e+002
 -9.2476507e+002
  6.7090569e+002
 -3.6294945e+002
  1.6368896e+002
  6.5375018e+001
 -1.8471275e+002
 -1.9016000e+002
  7.1010036e+002
 -1.2306872e+003
  9.7829268e+002
 -4.9959395e+002
  4.0275985e+002
 -2.1136507e+002
  7.1673662e+002
 -7.8687334e+002
 -3.7963175e+001
  2.9676332e+000
 -1.5308294e+002
  7.9014097e+002
 -9.6195577e+002
  7.5523043e+002
 -4.8055180e+002
  5.6599258e+002
 -8.1396095e+001
  1.6626626e+001
 -7.9865103e+002
  3.1041675e+002
  5.7535994e+002
 -2.7650983e+002
 -1.5547927e+002
  3.3143153e+002
 -4.5012209e+002
  9.2383326e+001
  2.6607917e+001
  1.0859886e+002
 -2.5524356e+002
  3.8072495e+002
 -7.1692488e+002
  1.0377038e+003
 -9.6939700e+002
  1.3036072e+003
 -1.2201605e+003
  6.5830124e+002
 -5.3339797e+002
  2.7876327e+002
  9.0373546e+002
 -1.1740118e+003
  3.1341610e+002
 -6.3705773e+002
  2.4467725e+002
  9.2908104e+002
 -9.4911398e+002
  4.5330899e+002
  4.3451863e+002
 -9.8580212e+002
  8.4052380e+002
 -1.1085823e+003
  1.2340955e+003
 -1.0417276e+003
  1.2080906e+003
 -9.9340090e+002
  5.3876744e+002
  4.2841205e+002
 -9.6887061e+002
 -1.8498762e+002
  7.3030192e+002
  1.3186709e+002
 -5.0255295e+002
 -1.2694092e+002
  6.8644892e+002
 -1.0406594e+003
  1.1592297e+003
 -1.3175218e+003
  1.7287724e+003
 -1.3457344e+003
  9.7167666e+002
 -8.1300555e+002
  2.1401224e+002
 -2.8199197e+002
  1.4377089e+002
  3.8291776e+002
  1.2982876e+001
 -6.0373087e+002
  3.8769828e+002
  2.1568629e+002
 -3.6518235e+002
  1.9667632e+002
  4.0487887e+002
 -1.0189892e+003
  1.0231326e+003
 -4.7304534e+002
 -2.3714659e+002
  4.0891670e+002
 -2.1302901e+002
 -1.8028664e+002
  8.6877627e+001
  5.5055123e+002
 -5.7153787e+002
  3.5336146e+002
 -3.3439859e+002
  8.1986987e+001
  4.1179833e+002
 -6.3027595e+002
  1.8057728e+002
  2.7060336e+002
 -6.9682217e+002
  1.2880629e+003
 -7.1029061e+002
  2.8842594e+002
 -1.1919279e+003
  8.6981654e+002
  2.9435055e+002
 -6.2311513e+002
  5.4739110e+002
 -2.6476494e+002
  9.2342850e+001
 -1.6366176e+002
  2.1531047e+002
 -9.8312457e+002
  2.1510313e+003
 -1.0479229e+003
 -4.5348203e+002
  2.1412011e+002
 -1.9953769e+002
  1.2588881e+002
  1.0157710e+002
 -2.6345461e+002
  2.9390680e+002
 -1.6673509e+002
 -2.1788371e+002
  5.1105434e+002
  6.3723729e+002
 -4.6576658e+002
 -1.3879777e+003
  1.9302463e+003
 -1.4997260e+003
  6.2207232e+002
 -7.2341183e+002
  1.4523603e+003
 -5.9602236e+002
 -3.8278176e+002
  2.3577027e+002
  6.0418057e+001
  1.6433298e+002
 -1.8441340e+001
 -6.9839374e+002
  1.0350775e+003
 -6.3483518e+002
 -6.6921800e+002
  1.3297253e+003
 -6.5357324e+002
 -2.4889074e+002
  7.2504543e+002
 -8.1859266e+002
  8.7488385e+002
 -8.8394825e+002
  5.6153360e+002
  1.5076861e+002
 -5.8549468e+001
 -1.5220074e+002
 -3.0860868e+002
  3.0333257e+002
 -6.3647652e+001
 -4.4353302e+002
  8.6469325e+002
 -8.8109801e+002
  1.0087118e+003
 -1.0282699e+003
  9.7017856e+002
 -7.0817205e+002
 -3.3616771e+001
  7.0596377e+002
 -4.3747660e+002
 -8.0221425e+002
  1.1277385e+003
  1.1145477e+002
 -7.9650697e+002
  6.7594926e+002
 -6.7133658e+002
  1.1188600e+002
  1.2109606e+003
 -1.8281749e+003
  7.0740488e+002
  5.9687891e+002
 -1.0063123e+003
  1.0639263e+003
 -5.8701669e+001
 -1.3677965e+002
 -9.1269421e+002
  2.5771645e+002
  4.6560352e+002
 -1.5870772e+002
  3.5320041e+002
 -5.5320591e+002
  8.1179306e+002
 -8.5915953e+002
  3.0168198e+002
 -4.5425727e+002
  6.0418016e+002
  1.9951901e+002
 -7.3985745e+002
  5.8986832e+002
 -2.2632597e+002
 -4.9046674e+002
  7.3655482e+002
 -3.3414126e+002
 -6.6285881e+001
  3.8506065e+002
 -3.4687205e+002
  7.6234672e+001
 -1.1609939e+002
  3.8279061e+002
 -5.2798072e+002
  7.5309568e+002
 -4.2404296e+002
 -5.9151306e+002
  1.2816475e+003
 -8.7599447e+002
 -1.3703413e+002
  5.4720036e+002
 -6.5583022e+002
  5.2428270e+002
  1.2219144e+002
  1.0886129e+002
 -7.8107909e+002
  1.0662669e+003
 -1.1560546e+003
  3.3996582e+002
  3.7499163e+002
 -4.0826298e+002
 -1.6249299e+002
  7.3536619e+002
 -1.4499116e+002
 -3.3316757e+002
  1.9081997e+002
  4.9626327e+002
 -8.5179123e+002
 -2.4462369e+002
  9.4018804e+002
 -6.1145580e+002
  7.1792976e+002
 -8.5926307e+002
  1.7030154e+002
  8.1011529e+002
 -1.1866291e+003
  7.2183909e+002
  7.6029506e+001
 -5.3693557e+002
  8.9437914e+002
 -5.2254847e+002
 -3.8368117e+002
  2.4530881e+002
  1.1927663e+002
  1.2086518e+002
 -8.3223816e+002
  1.2595729e+003
 -1.1594896e+003
  3.2819835e+002
  4.7426175e+002
 -2.8485894e+002
  1.8384476e+002
  2.0743085e+002
 -8.2293827e+002
  1.3625853e+002
  7.0454276e+001
  9.5484858e+002
 -3.0838049e+002
 -9.6801573e+002
  5.0869516e+002
  2.6356950e+002
  1.0562231e+002
 -1.3278528e+003
  2.4453972e+003
 -2.0111305e+003
  8.5867527e+002
 -4.8384069e+002
 -8.9542747e+001
  3.6527337e+002
  2.1800232e+002
 -7.5648028e+002
  5.2876398e+002
 -5.7848995e+001
  3.5672576e+002
 -8.2418541e+002
  6.0021160e+002
 -7.2528902e+002
  1.0640690e+003
 -4.9524459e+002
  3.8877780e+002
  8.0784418e+001
 -7.2945844e+002
  4.2060808e+002
 -1.8731600e+002
 -3.0128225e+002
  7.2123656e+002
 -2.4770957e+002
 -2.6666084e+002
  7.5528732e+001
 -1.0535867e+002
  6.2591427e+002
 -8.5067377e+002
  4.8621796e+002
 -4.8190133e+002
  9.0041732e+002
 -5.2010966e+002
  3.6217174e+002
 -2.6401079e+002
 -6.1971226e+002
  7.2735886e+002
 -4.2481909e+002
  6.9591190e+002
 -1.3591303e+003
  1.4812608e+003
 -8.7496859e+002
  7.1129773e+002
 -4.3068401e+002
 -2.5622486e+002
  3.1784198e+002
  5.0123048e+002
 -4.0510487e+002
 -2.7390066e+002
  2.4312156e+002
 -5.8147280e+002
  6.2746429e+002
 -1.6548135e+002
  3.3642774e+002
 -1.0146320e+003
  7.9896983e+002
  6.2420324e+001
 -5.3094267e+002
  9.7281274e+002
 -1.0281117e+003
  4.3601458e+002
 -2.1575883e+001
  3.5053391e+002
 -6.8988138e+002
  6.1304879e+002
 -1.4681464e+002
 -2.3083213e+001
 -8.2649919e+002
  1.3325899e+003
 -8.2446581e+002
  5.5282961e+002
 -6.2915081e+002
  1.2462719e+003
 -1.6405808e+003
  8.0018896e+002
 -2.4297452e+002
 -1.2765362e+002
  2.9409018e+002
 -7.7308098e+002
  1.5470888e+003
 -9.1378184e+002
  5.3186877e+002
 -7.7889453e+002
  6.3064886e+002
 -7.2108066e+002
  1.7294135e+002
  4.1037601e+002
  2.1437467e+002
 -5.3443784e+001
 -1.3025460e+003
  8.0248648e+002
  8.1624953e+002
 -2.6010959e+002
 -1.0674163e+003
  1.2849343e+003
 -6.1576168e+002
 -4.0078052e+002
  1.1736860e+003
 -5.4509553e+002
 -9.5565238e+002
  7.7116112e+002
  9.2792487e+001
 -2.2864698e+002
 -6.0936135e+001
  2.2463094e+002
  4.6364345e+002
 -9.4251574e+002
  6.5008922e+002
  1.5545749e+001
  4.9261472e+000
 -8.1857790e+002
  9.1670642e+002
 -4.5169164e+002
  4.0113447e+002
 -2.4081762e+001
 -8.0263850e+002
  6.2976504e+002
 -4.8452622e+002
  5.3460750e+002
 -2.0945917e+002
  6.6585893e+002
 -5.1881898e+002
  4.7709641e+001
 -6.8054754e+002
 -1.7522436e+002
  1.4059827e+003
 -1.7604091e+002
 -1.0050878e+003
  1.1554595e+003
 -5.3590825e+002
 -7.9037458e+002
  1.1742167e+003
 -8.3596510e+002
 -2.0661946e+000
  6.7704291e+002
 -4.9490147e+002
  9.9278910e+002
 -1.5512851e+003
  2.4998986e+002
  9.9340277e+002
  1.6183034e+002
 -1.1037535e+003
  5.2658900e+002
 -3.8198979e+002
  2.7459342e+002
  1.1454351e+001
  2.4750690e+002
 -1.7102067e+002
 -7.8885955e+001
 -4.6513223e+002
  1.3423462e+003
 -1.4045059e+003
  3.7434299e+002
  4.5316026e+002
 -6.6355035e+002
  5.4142906e+002
  1.0484826e+002
 -6.3563103e+002
  4.9305882e+002
 -9.2192086e+001
  5.2224980e+001
 -3.4766324e+002
  8.6741017e+002
 -1.0832462e+003
  5.1278290e+002
  7.2788793e+001
 -6.2604102e+002
  9.5317708e+002
 -8.5968573e+002
  2.6888483e+002
  5.0742297e+002
 -5.0532998e+002
  2.2472919e+001
  3.5005857e+002
 -4.3345533e+002
  7.8499911e+002
 -1.3497876e+003
  1.4444194e+003
 -4.0321694e+002
 -1.3122201e+003
  1.5029615e+003
 -6.3144367e+002
  4.2799694e+002
 -4.8031954e+001
  4.5425547e+002
 -1.8599528e+003
  1.4859482e+003
 -3.2262444e+002
 -1.6681620e+002
  7.8580899e+002
 -8.1073262e+002
 -3.8676527e+002
  7.8184853e+002
  4.3269292e+002
 -3.0540987e+002
 -8.2581566e+002
  2.7027410e+002
  1.6357860e+001
  5.0948851e+002
  1.2138301e+002
 -8.5435949e+002
  9.3890326e+002
 -5.4408851e+002
 -3.1641860e+001
  2.8548748e+002
 -4.9594239e+002
  5.1222797e+002
 -4.0148912e+002
  2.5488104e+002
 -7.3913113e+001
  4.7329597e+001
 -5.9331510e+002
  7.6064057e+002
 -2.1650466e+001
  3.1748696e+002
 -4.3932701e+002
  5.8801329e+001
 -1.5907040e+003
  1.9992840e+003
 -2.9324304e+002
  1.6907608e+002
 -3.4020950e+002
 -6.0456763e+002
  2.1500696e+002
  1.3836303e+003
 -1.4513309e+003
  2.8174260e+002
  7.3588774e+002
 -1.5320917e+003
  1.3184321e+003
 -1.1582603e+003
  1.4950083e+003
 -1.0001311e+003
  7.6031976e+002
 -6.6683940e+002
  3.4276770e+002
 -6.8103162e+002
  2.0744079e+002
  9.0687531e+002
 -9.4354266e+002
  6.3622951e+002
 -4.9916140e+002
 -1.5958202e+002
  7.0067711e+002
  2.8978270e+001
 -4.3043939e+002
 -1.6493228e+002
  2.2810608e+002
  2.1148959e+002
 -5.5600790e+002
 -1.5341846e+001
  8.4114916e+002
 -5.0325943e+002
  6.6218978e+002
 -1.1047862e+003
  6.5951947e+002
 -5.2538443e+002
  2.8403286e+001
 -3.0045167e+001
  2.3170450e+002
  7.0924039e+002
 -5.5018145e+002
 -4.3408382e+002
  4.7202013e+002
 -1.9443712e+002
  8.4259667e+001
  7.3608059e+002
 -1.3812446e+003
  8.5469641e+002
  1.3441125e+001
 -2.3668601e+002
 -6.1853753e+002
  1.3128652e+003
 -5.3423404e+002
 -6.0768360e+002
 -1.1509437e+002
  1.2209334e+003
 -7.3014296e+002
  4.9483076e+002
 -1.2473857e+003
  1.3422273e+003
 -6.2955259e+002
  6.1051147e+002
 -1.0618867e+003
  7.3154198e+002
  3.5106643e+002
 -8.8437793e+002
  5.4345829e+002
 -3.3908727e+002
  2.9663392e+002
 -1.3537608e+002
  2.9260927e+002
 -5.0103452e+002
 -1.2480404e+002
  3.3663673e+001
  1.2557357e+003
 -2.0805163e+003
  1.4137296e+003
  1.6593769e+002
 -2.8449824e+002
 -2.2336196e+001
 -6.2390035e+002
  9.8731901e+002
 -5.6665207e+002
 -3.6097090e+002
  5.7777584e+002
 -2.9324746e+002
  2.7518855e+002
  1.6724275e+002
 -2.5470500e+002
 -4.6069703e+002
  8.9674521e+002
 -1.0737571e+003
  7.2580673e+002
  3.5546940e+001
 -6.9639652e+001
 -2.0887340e+002
 -9.0719989e+002
  2.1953055e+003
 -7.0279203e+002
 -1.5888305e+003
  1.5393560e+003
 -1.2503771e+001
 -1.4619815e+003
  1.7194236e+003
 -5.8149366e+002
  2.6458462e+002
 -2.5184919e+002
  1.3546770e+002
 -6.6197301e+002
  6.3683436e+002
 -7.5345896e+002
  8.5967204e+002
 -9.8617490e+002
  7.5482070e+002
  3.5290702e+002
 -2.8845069e+002
 -6.0832424e+002
  1.2058249e+003
 -1.3287121e+003
  1.0202373e+003
 -5.1893486e+002
  1.7435333e+002
 -4.9120446e+002
  8.3952177e+002
 -3.4299047e+002
 -6.1519358e+002
  8.3606901e+002
 -5.6820758e+002
  4.8348410e+002
 -4.3067147e+002
  1.1173677e+003
 -1.8925698e+003
  5.2542925e+002
  7.0995019e+002
 -2.2034004e+002
  3.3119248e+002
 -5.0629115e+002
  1.1484887e+002
  6.8207968e+001
  2.5247960e+002
 -4.5292128e+002
  9.6364569e+001
  1.5609765e+002
 -5.2485286e+002
 -1.2700925e+002
  1.7972721e+003
 -1.7119720e+003
  9.7533748e+002
 -1.3936770e+003
  8.4810956e+002
  1.0290168e+003
 -2.1554596e+003
  2.1401023e+003
 -1.3985469e+003
  1.3957397e+002
  5.8854399e+002
 -1.0014791e+003
  5.4317006e+002
  9.9304100e+002
 -1.7888144e+002
 -1.1569560e+003
  6.5234997e+002
 -1.8236790e+002
  1.4426866e+002
 -5.0698954e+002
 -2.6857942e+002
  1.5658326e+003
 -1.0487085e+003
 -3.2823779e+002
  4.5041631e+002
  2.5025627e+002
 -4.0882151e+002
  2.2409127e+002
  3.5534458e+002
 -6.6516907e+002
  4.9631685e+002
 -3.9776562e+001
 -6.8978862e+002
  6.7715815e+002
 -1.0009293e+002
 -2.3682094e+002
 -7.1170868e+001
  4.1629288e+002
 -1.2711241e+002
 -9.1386026e+001
  1.0136647e+002
  1.9363030e+002
 -7.7070410e+002
  3.0088344e+002
  8.2873045e+002
 -1.4214395e+003
  1.4725412e+003
 -6.5489984e+002
  1.8982164e+002
 -2.4436083e+002
  8.5825701e+001
 -4.7445546e+002
  1.8192405e+001
  7.4584433e+002
 -4.4971236e+002
 -5.2659269e+001
  1.3994996e+003
 -1.9899171e+003
  5.8166535e+002
  4.9615148e+001
  7.7125891e+002
 -7.4710872e+002
 -4.8496458e+002
  8.7131450e+002
 -5.0842237e+002
  7.0502283e+002
 -2.6914555e+002
 -9.9118433e+002
  6.3057138e+002
 -2.9272699e+000
  1.1645683e+003
 -1.0809369e+003
  1.0713736e+002
 -5.0727482e+002
  6.4624824e+002
 -8.0867053e+002
  1.5162828e+003
 -7.9778855e+002
 -7.2229811e+002
  3.0704203e+002
  9.6310024e+002
 -4.9224526e+002
 -5.0987172e+002
  8.3997677e+002
 -1.0131414e+003
  2.6964896e+002
  4.5834026e+002
  4.9141379e+002
 -1.1279389e+003
  3.6550548e+002
 -6.0860718e+002
  9.7109129e+002
  2.5216309e+001
 -7.5446670e+002
  1.2007169e+003
 -9.8238340e+002
 -3.4534633e+002
  5.3731441e+002
  2.7851211e+002
 -1.7083120e+002
  2.7111810e+002
 -7.7673138e+002
  9.3672574e+002
 -9.5947951e+002
  5.4578966e+002
 -3.7137044e+002
  7.8183790e+002
 -8.4678375e+002
  2.9081595e+002
  5.9739309e+002
 -8.8503414e+002
 -1.2665891e+002
  9.4351755e+002
 -3.4145498e+002
 -3.8283667e+002
  4.8271214e+002
 -4.6755732e+002
  4.1784065e+002
 -2.2352076e+002
 -1.1743140e+002
 -1.3732480e+002
  5.8427762e+002
 -6.7961486e+002
  1.5733634e+003
 -1.6930421e+003
  2.8640453e+002
  5.6665073e+002
 -2.0205563e+002
 -7.5365320e+002
  6.1026760e+002
  1.0311194e+002
 -1.3823434e+002
  4.4323022e+002
 -5.2768000e+002
 -6.4490330e+000
  3.1360295e+002
 -5.1650090e+002
 -3.2919796e+002
  1.5743032e+003
 -1.2809700e+003
  9.0691957e+002
 -1.3082030e+003
  1.5097068e+003
 -1.1232353e+003
  6.4621608e+002
 -6.3148063e+002
  5.2545096e+002
 -1.4314929e+002
 -9.8505232e+002
  2.1193341e+003
 -1.3396580e+003
 -6.9460229e+002
  2.1156206e+003
 -1.7810466e+003
  1.0732376e+003
 -1.2049858e+003
  9.0493174e+002
 -3.3103677e+002
  4.0523020e+002
 -4.6877862e+002
 -2.2801402e+002
  1.6056741e+003
 -1.4127709e+003
 -4.5553872e+002
  1.0047686e+003
 -4.6004071e+002
  5.0318567e+002
 -5.7745432e+002
  2.8683248e+001
  2.6494177e+002
 -5.7992032e+001
 -1.8890483e+002
  3.1127945e+002
 -9.0559491e+002
  1.4876645e+003
 -1.6561758e+003
  1.6109270e+003
 -3.5713047e+002
 -6.1563139e+002
 -2.3381104e+002
  4.6034300e+002
  3.2840831e+002
 -3.2917830e+002
 -7.0706861e+001
  7.8689939e+002
 -9.5626498e+002
  6.8546712e+002
 -8.4766177e+002
 -7.4998336e+000
  5.2466416e+002
 -5.8182228e+002
  1.1902385e+003
  6.8175034e+001
 -1.9894762e+003
  1.3685018e+003
  4.7140977e+002
 -8.5992272e+002
  7.9150066e+001
  3.0659874e+002
 -2.2762670e+002
  3.6155804e+002
 -2.8410072e+002
 -1.7222043e+001
  3.2430221e+002
 -9.9691258e+002
  1.1691854e+003
 -6.7530647e+002
  7.1656776e+002
 -4.2463897e+002
 -3.8872261e+002
  3.6883618e+002
 -5.1952627e+002
  6.5573949e+002
 -1.6820265e+002
  6.2007284e+002
 -7.9272082e+002
 -2.2423107e+002
  5.5382125e+002
 -7.0580060e+002
  5.1035050e+002
  6.3703347e+002
 -1.0883056e+003
  3.0028202e+002
  5.1429431e+002
 -7.6612641e+002
  6.0003030e+002
  9.3486223e+001
 -4.8683087e+002
  4.3348200e+002
 -2.2761481e+001
 -4.4566830e+002
  3.5278192e+002
  2.5775745e+001
 -8.1844577e+002
  1.1872609e+003
 -1.3085339e+003
  1.7841497e+003
 -1.2512613e+003
 -5.1996062e+001
 -4.2631538e+001
  1.1518861e+003
 -4.2707895e+002
 -8.6628964e+002
  1.1980277e+003
 -1.0206266e+003
  1.6029194e+002
 -2.1755989e+002
  4.0857929e+002
  4.5595606e+002
 -7.7825487e+002
  7.0799304e+002
 -7.1762871e+002
 -8.8850932e+001
  9.7102752e+002
 -4.1801223e+002
 -8.2691884e+001
 -4.5682721e+002
  1.9089733e+002
 -5.4787293e+001
  9.2223373e+002
 -7.0150434e+002
  2.9188898e+002
 -9.8043343e+002
  1.2666156e+003
 -4.1436764e+002
 -9.8563268e+002
  1.2983213e+003
 -4.1186470e+002
  5.2563418e+002
 -1.0184304e+003
  4.3521835e+002
  5.4806691e+002
 -7.9823366e+002
  3.3649478e+002
 -3.5863515e+002
  7.9532322e+002
 -1.1700518e+003
  4.4960877e+002
  8.9781154e+002
 -7.6700636e+002
 -7.1389670e+001
 -5.9036846e+001
  4.4388527e+002
 -1.7878826e+002
  2.4371320e+002
 -3.6409192e+002
 -1.9178469e+002
 -7.3329791e+001
  7.0357943e+002
  2.1407627e+002
 -1.0995916e+003
  6.9665219e+002
 -1.1989948e+002
 -5.6891524e+001
  2.2112770e+002
 -3.9281248e+002
  3.2936293e+002
 -2.8444538e+002
 -2.0667331e+001
  1.3669503e+002
  1.4417629e+002
 -1.4577879e+002
 -3.9824664e+001
 -7.7055852e+001
 -1.2904919e+002
  4.7823875e+002
  7.9740436e+001
 -5.7705032e+002
  5.5667532e+002
  2.2391649e+002
 -3.1104314e+002
 -3.8661247e+002
 -2.7246730e+002
  5.9827925e+002
 -9.0598539e+001
 -2.7775018e+002
  4.7038876e+002
 -2.3421588e+002
 -3.9085787e+002
  3.4317437e+002
 -4.7802434e+002
  1.2204450e+003
 -6.0771457e+002
  1.2548107e+002
 -3.2563935e+002
  7.5213368e+001
  5.9652251e+002
 -1.0317540e+003
  1.5721041e+002
  7.4968208e+002
 -7.6814221e+002
  1.8219520e+002
  1.3228451e+002
  1.2441144e+002
  8.8273586e+002
 -1.5235052e+003
  7.2604402e+001
  6.3492788e+002
 -3.7302677e+001
 -2.6471542e+002
 -8.4555748e+001
  5.3777936e+002
 -1.9799936e+001
 -4.8000135e+002
  1.9496736e+002
 -3.6505304e+002
  5.1147530e+002
 -1.9941526e+002
  1.7236759e+002
  3.5924015e+001
 -3.0059504e+002
  8.6026564e+001
  5.7071152e+002
 -1.0278683e+003
  2.6582310e+002
  5.7541713e+002
 -8.7628437e+002
  8.6744375e+002
 -9.2392097e+000
 -4.0136817e+002
  1.2477810e+002
 -2.0546243e+002
  4.9759232e-001
  5.0260191e+002
 -5.7853813e+002
 -1.7673966e+002
  6.8269969e+002
 -2.3072356e+002
  4.9455418e+002
 -6.1797625e+002
 -1.6014858e+002
  3.6047392e+002
  3.8102190e+002
 -5.2597364e+002
 -7.8339831e+002
  1.3923478e+003
 -1.4882447e+003
  2.2985201e+003
 -2.2440636e+003
  1.0034794e+003
  9.9823183e+001
 -6.1752548e+002
  7.5949202e+002
 -9.1839069e+002
  7.8745207e+002
  2.9491884e+002
 -2.9567312e+002
 -9.4264398e+002
  2.2783223e+002
  7.7073660e+002
 -2.6936285e+002
 -2.4499740e+002
  8.7450154e+002
 -1.5778460e+003
  1.6540847e+003
 -1.0462012e+003
  4.2898826e+002
 -2.9445293e+002
  8.3990000e+002
 -1.7912962e+003
  1.4307905e+003
 -7.8641893e+002
  6.6210315e+002
  2.6200819e+002
 -1.4566275e+002
 -4.7980887e+001
 -8.2308549e+002
  4.9961351e+002
 -2.0134605e+002
  9.0932050e+002
 -1.2047947e+003
  7.9460362e+002
  3.9647184e+001
 -7.7056758e+002
  6.6170192e+002
 -2.2082618e+000
 -8.4169192e+002
  1.0880067e+003
 -1.7603426e+002
 -3.5635131e+002
  1.8605994e+002
 -8.9128933e+001
 -6.2373627e+001
  4.3063925e+002
 -2.7766854e+002
 -4.3521101e+002
 -1.1877200e+002
  1.1964864e+003
 -4.7759818e+002
 -4.7645693e+002
  3.2808826e+002
 -1.2942508e+002
 -2.0824887e+002
  4.5330099e+002
 -4.5176425e+001
 -1.9786388e+002
  3.3151436e+002
 -4.3179689e+002
  3.2721414e+002
 -4.6697239e+002
  4.7184082e+002
 -3.0479130e+002
 -9.0563802e+000
  4.1993451e+002
 -6.6951979e+002
  2.6401482e+002
  5.3559329e+002
 -1.0883343e+003
  1.5377567e+003
 -1.2531174e+003
  7.3614442e+002
 -7.1871147e+002
  6.8209810e+002
 -5.5624020e+002
  2.9435884e+002
  8.9740930e+001
  1.4046497e+002
 -1.1299894e+003
  3.8371895e+002
  3.8970685e+002
  9.4630971e+002
 -1.0171112e+003
  2.7868375e+002
 -3.0945364e+002
  4.9456485e+002
  2.3111332e+000
 -9.2825108e+002
  9.8844452e+002
 -1.6422460e+002
 -1.5950123e+003
  2.2152427e+003
 -1.0439068e+003
 -4.8970184e+001
  1.1801162e+003
 -1.6009623e+003
  6.4624934e+002
  1.6330801e+002
 -1.5872905e+002
  2.4483503e+002
 -6.2336209e+002
  9.0884659e+002
 -5.2318914e+002
 -4.7272180e+002
  1.7997490e+002
  9.7657395e+002
 -6.2853453e+002
 -3.3216825e+002
  7.9842071e+001
  2.4726445e+002
  1.9109411e+002
  6.6758068e+001
 -6.9792643e+002
  6.3486140e+002
 -6.9683336e+002
  1.3649891e+003
 -1.3946296e+003
  1.2864691e+002
  9.4391232e+002
 -5.3220903e+002
  5.7630733e+001
 -3.1014519e+002
  1.8547424e+002
 -8.3412915e+001
  4.3684080e+002
 -6.3901507e+002
  5.3161835e+002
 -2.9646974e+002
  2.2673747e+002
 -3.2985820e+002
 -1.0612306e+003
  1.2913295e+003
  6.7540116e+002
 -6.1134940e+002
  5.4908368e+002
 -8.8754055e+002
  2.3427807e+002
 -3.8283755e+002
  3.8824019e+002
  1.0370692e+002
  2.3968638e+001
  4.4113882e+001
 -4.8802124e+002
 -6.5391949e+001
  5.9375766e+002
 -1.4966808e+002
 -2.3255851e+002
  1.7681364e+002
  6.8464875e+002
 -1.2340629e+003
  6.6907528e+002
  3.7442710e+002
 -7.4424117e+002
 -9.7669121e+001
 -4.4117890e+001
  7.0777581e+002
 -4.9741334e+002
  5.3143675e+002
  3.2036658e+001
 -1.1294265e+003
  1.0603659e+003
 -1.0194985e+003
  5.0210465e+002
  8.5879770e+002
 -1.1810347e+003
  5.8019702e+002
  6.8517207e+002
 -1.2064190e+003
  3.4966683e+002
  1.0460844e+001
  3.4751142e+001
  5.0235511e+001
 -2.0570630e+000
  3.2010498e+002
 -5.4131201e+002
  1.0693132e+003
 -1.1955184e+003
 -4.1370653e+002
  1.3616307e+003
 -9.1705919e+002
 -6.1903547e+001
  1.1508265e+003
 -7.4835063e+002
 -1.7272242e+002
 -1.5030997e+002
  5.0808797e+002
  4.0943472e+001
 -5.7205301e+001
 -5.7828545e+002
  3.3887003e+002
  1.4898471e+002
 -1.8890686e+002
  3.5596429e+002
 -7.9706922e+002
  1.4051026e+003
 -1.6220787e+003
  5.7730237e+002
  6.5688997e+002
 -7.4288592e+002
  1.4245635e+002
  4.0375913e+002
 -4.8485916e+002
  5.6373936e+001
  5.7093542e+002
 -1.0040765e+003
  4.8668810e+002
  3.3218386e+002
 -1.5033498e+002
  2.8095237e+002
 -9.1318553e+002
  1.0840358e+003
 -1.4530668e+003
  1.2452389e+003
 -2.5823907e+002
  1.2759682e+002
  3.6157350e+002
 -8.8895449e+002
 -1.8657932e+002
 -1.5622984e+002
  1.1964689e+003
 -3.9953466e+002
  1.3544577e+002
 -4.8769554e+002
 -5.6453335e+001
  6.6146680e+002
 -1.0814911e+003
  1.6913564e+003
 -1.2727892e+003
  1.3369558e+002
  7.8326264e+002
 -1.4559191e+003
  9.6750228e+002
 -1.5784171e+002
 -2.2871983e+002
  1.4967287e+002
  1.5779716e+002
  3.3109708e+002
 -5.4481186e+002
  7.2017530e+000
  6.4666197e+002
 -5.8919711e+002
 -1.2485715e+002
  3.3694866e+001
 -3.8865991e+002
  8.7096726e+002
  7.8976056e+001
 -3.3897381e+002
 -7.5572779e+002
  3.1020145e+002
  1.2114909e+003
 -6.1799772e+002
  9.2336923e+001
 -1.0685063e+003
  9.8887883e+002
 -5.0221678e+002
  9.4897242e+002
 -1.0372375e+003
  6.5766310e+002
 -9.0840091e+002
  1.2082604e+003
 -7.3696590e+002
  2.3304174e+002
 -5.1539719e+002
  6.1380071e+002
  2.7875460e+002
 -5.8064272e+002
  2.5242999e+002
 -6.3195482e+002
  5.5529601e+002
  5.7685663e+002
 -5.4601707e+002
 -6.8770458e+002
  3.6360300e+002
  4.0740116e+002
  3.8074211e+002
 -5.4876254e+002
 -7.8059305e+002
  1.1043759e+003
 -2.4847583e+002
 -6.2512597e+002
  1.2276242e+003
 -9.7991823e+002
  2.0921132e+002
 -3.8414031e+001
  6.6795767e+002
 -9.2877197e+002
 -3.7897412e+002
  2.1405487e+003
 -1.9983106e+003
  8.4037110e+002
 -2.1592519e+001
 -1.9075432e+002
 -4.2932368e+002
 -1.5644388e+002
  1.5854379e+003
 -1.4305733e+003
  7.8362197e+002
 -1.1697831e+003
  1.2770661e+003
 -2.4155421e+002
 -4.6353460e+002
  4.4519742e+002
 -5.5933282e+002
  7.7416614e+002
 -1.1531975e+002
 -7.4133645e+002
  1.7681714e+001
  1.3103374e+003
 -1.1950355e+003
 -9.3818009e+001
  1.3424496e+003
 -1.7607727e+003
  7.7881906e+002
  2.1458700e+002
  1.4265673e+002
 -5.6227468e+002
  2.1350904e+002
 -2.3853264e+002
  3.5861661e+002
  2.3854377e+002
 -9.6019196e+002
  1.1719342e+003
 -2.9308481e+002
 -3.6578135e+002
 -2.9662377e+002
  6.3116095e+002
 -4.3679392e+002
  4.8706611e+002
 -1.0416260e+003
  2.1143757e+003
 -1.7395822e+003
  2.9588122e+002
  5.1055411e+001
 -3.8376883e+002
  8.3810688e+002
 -2.9085917e+002
 -1.6671902e+002
 -1.6053916e+002
  6.8345976e+002
 -8.3095621e+002
  1.0157229e+003
 -1.1274697e+003
  7.5639438e+002
 -3.7096667e+002
 -2.0777509e+002
  7.5411176e+002
 -4.9728601e+002
  2.1332003e+002
  5.9461803e+001
 -8.9766128e+002
  2.4647782e+002
  8.5596589e+002
 -4.1653238e+002
  2.4466466e+002
 -1.1078259e+003
  1.4369307e+003
 -1.0869765e+003
  7.9711349e+002
 -9.9290614e+001
 -6.3407756e+002
  4.6553928e+002
  3.1970767e+002
 -8.0517099e+002
  2.9741794e+002
  7.5044677e+002
 -5.3403670e+002
 -2.7363671e+002
  2.2980265e+002
 -1.6363183e+002
  4.8881323e+002
 -6.5482536e+002
  2.0556909e+002
  3.8764082e+002
 -2.7292182e+002
  4.4493600e+002
 -4.7988057e+002
  1.1911365e+002
 -1.6287343e+002
 -2.8034148e+002
  8.2058641e+002
 -1.7123625e+003
  1.7290745e+003
  4.1717258e+002
 -1.1984081e+003
 -4.2567067e+001
  8.5404594e+002
 -9.2056963e+002
 -9.4959240e+001
  9.0352937e+002
 -4.3557854e+002
  3.3167865e+002
 -4.4461393e+002
  3.9973902e+002
 -8.0842264e+002
  8.1568231e+002
 -6.6059342e+002
  2.5231835e+002
  1.9778776e+002
  3.0608799e+002
 -2.0759418e+002
  8.0351196e+001
 -6.6393869e+002
  1.6231929e+002
  6.8938213e+002
 -4.7314991e+002
 -1.9993804e+002
  1.7492688e+002
  8.1344667e+002
 -1.2554065e+003
  5.2261894e+002
  1.1026699e+002
 -4.4763360e+002
  7.4087611e+002
 -2.5667922e+002
 -5.0347550e+002
  2.9626932e+002
  2.7710886e+002
 -5.4441499e+002
  1.0711643e+003
 -8.8870566e+002
  7.8527945e+002
 -1.7998637e+003
  1.6452296e+003
 -7.2503649e+002
 -1.6809467e+002
  7.1529365e+002
 -1.5093786e+002
 -2.7235737e+001
 -3.2717294e+002
 -7.5141674e+001
  9.5357099e+002
 -1.1491185e+003
  1.9330162e+002
  9.8297706e+002
 -1.3827649e+003
  6.6959650e+002
  5.0796469e+002
 -3.0466508e+002
 -8.2395370e+002
  5.0426924e+002
  1.9474081e+002
 -1.3311401e+002
  6.8490403e+002
 -1.1953271e+003
  9.4393328e+002
 -3.8138391e+002
  3.2589625e+002
 -1.1750974e+003
  1.1542900e+003
 -5.6490705e+002
  1.0405365e+002
  1.0154553e+003
 -1.4268325e+003
  7.8517718e+002
 -5.0970356e+002
  2.3681483e+002
  1.5478087e+002
  4.3422530e+002
 -7.5071537e+002
  9.7306070e+001
 -8.0494526e+002
  1.5550986e+003
 -9.7511420e+002
  9.6602780e+002
 -5.4974405e+002
 -1.9446862e+002
  4.9645229e+002
 -9.3719479e+002
  1.0208892e+003
 -6.0316291e+001
 -1.1142130e+003
  1.5087310e+003
 -6.9834084e+002
 -7.7491329e+002
  1.0867034e+003
 -4.1278361e+002
 -2.2787701e+002
  3.4675815e+002
 -1.9108855e+002
 -7.3298579e+001
  6.2302699e+002
 -4.4691534e+002
  2.6354234e+002
 -8.3218159e+002
  2.1235059e+002
  7.7981408e+002
 -8.2808907e+002
  3.7584435e+002
 -1.3229943e+002
  1.4579527e+002
  5.3934429e+002
 -4.8752957e+002
 -3.4537338e+002
  5.2153475e+002
 -9.1128209e+002
  7.0682868e+002
  3.8969259e+002
 -2.4662323e+002
 -4.7022852e+002
  6.7808354e+002
 -5.4753181e+002
  3.0186661e+002
 -3.3543732e+002
 -1.2368202e+002
  4.5420840e+002
 -2.5356005e+002
  7.9150846e+002
 -1.0163837e+003
  7.2738750e+002
 -8.1548945e+002
  4.6062490e+002
 -3.3127657e+002
  3.7668096e+002
  7.9840954e+001
  2.2859409e+002
 -3.8323689e+002
  5.1615676e+002
 -1.0242610e+003
  8.7226589e+002
 -1.1540187e+003
  8.0985665e+002
  2.3662162e+002
 -8.0325266e+001
 -3.3452530e+002
 -3.0189225e+002
  5.5427502e+002
  4.9555313e+002
 -7.7871293e+002
  6.1370934e+002
 -9.0539993e+002
  3.8229280e+002
  5.7449865e+001
  8.3397123e+002
 -1.4397508e+003
  1.0975578e+003
 -5.9879306e+002
 -2.1712713e+002
  5.3354090e+002
 -9.5609833e+000
 -3.9696809e+002
 -8.1805353e+001
  1.0581127e+003
 -4.9536174e+002
 -2.9503574e+002
 -9.4477958e+000
 -1.7451767e+001
 -3.1320236e+002
  1.2593052e+003
 -1.6064891e+003
  1.0759785e+003
 -9.3159769e+002
  1.2352835e+003
 -9.0896577e+002
  5.8272079e+002
 -3.8756112e+002
 -5.2868224e+001
  1.2600932e+002
  1.0533414e+002
 -6.2731426e+002
  7.1983728e+002
 -6.0646857e+002
  1.1073409e+003
 -1.1209504e+003
  1.4523136e+003
 -1.9030263e+003
  9.7007616e+002
  1.5359252e+002
 -5.8482927e+002
  2.8680343e+002
  8.7041361e+000
  2.4780706e+002
 -2.5656113e+002
  4.6867400e+002
 -2.7638332e+002
 -4.0221334e+002
  1.2122433e+002
 -9.9163572e+001
  8.0703554e+002
 -6.5934213e+002
 -1.0169145e+003
  2.2758931e+003
 -1.9798357e+003
  1.1299262e+003
  1.7872423e+002
 -6.3581383e+002
  1.8070242e+002
 -2.5658391e+002
 -6.4489093e+001
  1.2542445e+003
 -2.1479742e+003
  1.5836255e+003
  2.4208848e+001
 -5.6462397e+002
 -2.6695928e-001
  1.3859235e+002
 -2.9206336e+002
  3.2783603e+002
  4.3028473e+002
 -5.4169266e+002
 -2.0387722e+002
  4.7634020e+002
 -5.2497729e+002
  9.1465630e+002
 -9.6165749e+002
  4.3327351e+002
 -4.1417584e+002
  1.2370101e+003
 -1.3174956e+003
  4.1803385e+002
  7.8750730e+002
 -1.9287161e+003
  6.5790969e+002
  1.4827064e+003
 -1.1497984e+003
  4.0953894e+002
 -5.1593719e+002
  5.2010965e+002
 -3.3636753e+002
 -4.6334993e+002
  1.3487829e+003
 -8.8399552e+002
 -7.3121754e+001
  1.7976679e+002
 -5.2383045e+002
  3.1756572e+002
  1.1592806e+003
 -1.0810616e+003
 -2.6461630e+002
  6.6524300e+002
 -1.0546913e+003
  8.8194846e+002
  2.3098445e+002
 -3.4952974e+002
  2.9162569e+002
 -6.4601338e+002
  2.3918630e+002
  4.3468415e+002
 -8.9329176e+002
  9.8192977e+002
 -1.5533857e+002
 -4.0709851e+002
 -7.7893505e+001
  7.1533245e+002
 -5.8375042e+002
 -6.8975954e+002
  1.7105798e+003
 -1.3771926e+003
  5.0034034e+002
 -2.8936090e+002
  5.9106970e+002
  6.1847891e+002
 -1.4856818e+003
  8.2533093e+001
  5.2272418e+002
 -6.3039715e+002
  7.2997543e+002
  1.1273547e+002
 -1.6086925e+002
  3.9085226e+002
 -1.6247339e+003
  1.6591641e+003
 -1.8674752e+001
 -1.1797974e+003
  7.4618242e+002
  1.0976066e+002
 -5.5973136e+002
  7.2998495e+002
 -1.8216643e+002
 -7.6423280e+001
 -5.7860650e+002
  5.3428717e+002
 -4.2840335e+002
  9.6997660e+002
 -1.0445415e+003
  8.3568851e+002
 -1.4855642e+003
  1.6916172e+003
 -1.0550586e+003
  6.6955065e+002
 -3.6951994e+002
  7.9725474e+002
 -1.4428036e+003
  7.1721622e+002
  1.1982415e+003
 -1.7525840e+003
  7.6752599e+002
 -4.1389192e+002
  5.8532496e+002
 -6.8881370e+002
  2.6291878e+002
  2.1620021e+002
  2.8122991e+000
  2.5924178e+002
 -8.1199229e+002
  6.2171602e+002
  5.6732189e+001
 -6.3849817e+002
  4.4485639e+002
 -1.7886330e+002
 -1.2743433e+002
  3.9266501e+002
 -3.6923567e+002
  8.9054562e+002
 -6.1475971e+002
 -2.9130805e+002
 -2.2647470e+002
  5.0371290e+002
  4.3405979e+002
 -3.1089441e+002
  1.4474568e+002
 -1.0040238e+003
  9.1798789e+002
  1.7623017e+002
 -6.5961099e+002
  7.5359367e+002
 -1.2103298e+003
  9.2520944e+002
 -7.7603523e+002
  1.5459443e+003
 -1.7169370e+003
  1.0197356e+003
 -2.4787879e+002
 -2.2368788e+002
  5.1772103e+001
  8.8264247e+002
 -1.5013805e+003
  1.5866561e+003
 -8.6192136e+002
 -8.5190852e+001
 -3.2327820e+002
  1.0369198e+003
 -1.0362883e+003
  4.2968010e+002
  1.0787623e+002
 -2.1220616e+002
  6.8518628e+002
 -1.2602725e+003
  9.9311527e+002
 -4.8760823e+002
  7.5065686e+002
 -8.8756879e+002
  6.9558293e+001
  2.2323464e+002
  3.9750646e+002
  2.1356808e+002
 -8.1591420e+002
 -1.7822349e+002
  2.4055676e+002
  2.9278431e+002
  2.3885003e+002
 -1.2670863e+003
  1.6232468e+003
 -9.5806633e+002
  6.6879091e+002
 -1.8974640e+002
 -8.0532433e+002
  4.6927487e+002
 -1.3827954e+002
  1.0101668e+003
 -4.0750842e+002
 -1.3995158e+003
  1.4856198e+003
  9.5175617e+000
 -6.3300469e+002
  2.6414319e+002
 -7.1440113e+002
  8.2059100e+002
 -7.1777130e+001
 -1.1235376e+002
  3.4084279e+002
 -9.2741760e+002
  7.9540544e+002
 -1.3938766e+001
 -2.2124249e+002
 -1.9509402e+000
  2.7945007e+002
 -7.7798950e+002
  3.1782240e+002
 -1.3722730e+002
  9.8380711e+002
 -2.1112271e+002
 -7.5859482e+002
  7.1989254e+002
 -5.1778372e+002
  1.4224689e+002
  4.1226211e+001
 -4.4606051e+002
  8.7258510e+002
 -1.0569019e+003
  5.3594056e+002
 -3.6416609e+001
  4.1867805e+002
 -5.4818437e+002
 -1.7384061e+002
  9.4629361e+002
 -4.9238891e+002
 -7.0208149e+002
  2.0085656e+003
 -2.0463532e+003
 -2.6406156e+002
  1.8681689e+003
 -9.1105327e+002
  1.8548019e+002
 -8.6523786e+002
  1.5876214e+003
 -1.3615511e+003
 -1.5093549e+001
  6.2529981e+002
 -3.8521808e+002
  3.6252963e+002
 -3.3943321e+002
  8.1263269e+002
 -1.1216589e+003
  1.0615798e+003
 -1.3337814e+003
  1.1128493e+003
 -6.6493067e+002
  6.9647343e+002
 -6.6488746e+002
  4.7181164e+001
  1.2107405e+003
 -1.0187031e+003
  2.5107816e+001
 -8.5096121e+002
  1.0109532e+003
  2.1264912e+002
 -1.0668612e+003
  1.1509073e+003
  1.1379397e+002
 -7.4120758e+002
  3.0162701e+002
 -8.7126489e+002
  1.2584895e+003
 -3.2044249e+002
 -3.7619479e+002
  2.7607598e+002
 -6.2738615e+002
  6.6808150e+002
 -6.5393626e+001
 -9.3186269e+001
  1.5666282e+002
  1.9824477e+002
 -8.0070443e+002
  9.2116295e+002
 -3.6081504e+002
 -8.0539880e+001
 -6.2586781e+002
  5.9382607e+002
  9.1738486e+002
 -1.4057460e+003
  3.9318122e+002
  4.0696838e+002
 -7.2047570e+002
  6.0724309e+002
 -3.3128106e+001
 -1.8246314e+000
 -5.2813036e+002
  3.4455334e+002
  1.7804198e+002
  1.0495044e+002
 -6.0311126e+002
  9.6403592e+002
 -9.3042812e+002
 -6.2026469e+001
  9.1584059e+002
 -3.0355990e+002
 -1.1084742e+003
  1.6077149e+003
 -9.3124641e+002
  6.2364245e+002
 -7.5450716e+002
  2.9591440e+002
  2.0688547e+002
 -2.5328391e+002
 -1.7836439e+002
  1.1237678e+003
 -1.3631620e+003
  1.2282376e+003
 -1.3615260e+003
  4.2729689e+001
  9.3468239e+002
 -1.5715186e+001
 -2.0069917e+002
 -3.8608646e+002
  1.1080842e+002
  5.0653799e+002
 -8.5241206e+002
  1.3003829e+003
 -4.0765948e+002
 -7.8499719e+002
  2.2847268e+002
  2.3370199e+002
  9.6432282e+001
 -8.5650329e+002
  1.6581117e+003
 -1.3190666e+003
  5.1808392e+002
 -3.1405282e+002
  2.2229311e+002
 -4.3038932e+002
  8.5973127e+002
 -5.6343841e+002
 -2.2504010e+002
 -1.7308422e+001
  1.2637689e+003
 -2.1279805e+003
  2.0460595e+003
 -1.3590769e+003
  3.6550382e+002
  4.2293447e+001
  6.8064583e+002
 -7.7090357e+002
  2.3565849e+002
  8.2058512e+001
 -4.2592164e+002
  2.5649617e+002
  2.5686036e+002
 -3.8640157e+002
 -6.6022130e+002
  1.6863135e+003
 -1.1002167e+003
  6.0999647e+002
 -3.5926801e+002
 -7.9753896e+001
 -2.3376331e+002
  7.3457634e+002
 -1.0478650e+002
 -9.5403207e+002
  7.7558359e+002
 -3.8920308e+002
  2.9516369e+002
 -2.7066659e+002
  1.5379582e+002
  7.7176052e+002
 -6.5799522e+002
 -7.1648799e+002
  7.2039750e+002
  3.3704757e+002
 -1.1040062e+003
  1.0932468e+003
 -4.1971706e+002
 -1.8997530e+001
 -1.0569420e+002
 -9.2026550e+001
  8.2444016e+002
 -1.0699541e+002
 -1.3589770e+003
  1.5143838e+003
 -1.3280179e+003
  1.2938976e+003
 -1.2639014e+003
  1.4139133e+003
 -6.4655462e+002
 -7.6510546e+002
  1.4174747e+003
 -1.4098311e+003
  7.4096159e+002
  1.0816029e+002
 -1.2471784e+002
 -8.3604352e+002
  1.5606380e+003
 -8.4829427e+002
  3.0055339e+002
 -2.8310577e+002
 -3.3291076e+001
 -6.6301346e+002
  1.4193244e+003
 -5.8484718e+002
 -1.7499425e+002
 -2.9548450e+002
  1.0301307e+003
 -1.2835046e+003
  1.2602107e+003
 -1.0214711e+003
  9.3497890e+002
 -1.3102333e+003
  7.1609926e+002
  4.9491846e+002
 -7.7115468e+002
  3.7587653e+002
 -3.7064730e+002
  6.5476906e+002
 -6.2746442e+002
  6.6749778e+002
 -2.0419160e+002
 -3.6876581e+002
  2.4992397e+002
 -4.0004595e+002
  6.5239891e+002
 -5.1782074e+001
 -4.7552476e+002
 -2.0938082e+002
  9.5168885e+002
 -4.4194043e+002
 -6.0741631e+002
  8.1696360e+002
 -1.3724056e+002
 -2.9573550e+001
  1.1628577e+002
 -7.6578289e+002
  6.8130748e+002
 -3.5719644e+002
  7.7744385e+002
 -1.4698388e+003
  1.1701320e+003
  3.8973094e+002
 -1.5104422e+003
  1.3804892e+003
 -8.1996186e+002
  3.1540494e+002
  3.2619571e+002
  2.8162523e+002
 -1.7362784e+003
  1.3848079e+003
 -2.0255677e+002
 -4.1007018e+002
  6.8659168e+002
 -7.9754242e+002
  6.0906588e+002
  1.9850496e+002
 -9.5876435e+002
  7.0994535e+002
 -3.6773657e+002
  9.4228482e+002
 -6.9535706e+002
 -3.8959838e+002
  2.7855934e+002
  6.3007737e+001
  3.1655498e+002
 -1.8874611e+002
 -3.6453833e+002
 -1.3339931e+002
  7.7318378e+002
 -9.3262266e+001
 -4.7749138e+001
 -5.5948701e+002
  6.6520816e+002
 -5.5181346e+002
  6.0956137e+001
  1.2828392e+002
  1.5552420e+002
 -3.6316403e+002
  1.0419879e+002
  1.3594556e+003
 -1.2554404e+003
 -2.3670946e+002
  6.2380147e+002
 -8.7689226e+002
  5.2610416e+002
 -1.8202771e+002
  1.7904743e+002
  3.2434670e+002
 -2.7482537e+002
 -5.5807454e+002
  8.9976344e+002
 -6.3466267e+001
 -7.6558523e+002
  3.8626664e+002
  2.6080110e+002
 -5.4539352e+002
  4.8976331e+002
 -1.0825915e+000
 -1.9673572e+002
 -1.0671466e+002
  4.5244358e+002
 -9.4809126e+001
 -4.8852051e+002
  2.0049396e+002
 -2.9844182e+001
  2.9704523e+002
 -3.7810917e+001
 -4.7767189e+002
  5.7054026e+002
 -5.2663922e+002
  5.8743889e+002
 -3.1813888e+002
  5.4646020e+001
  2.3897121e+002
 -2.6754277e+002
  9.1667508e+000
 -8.9437843e+002
  1.5304090e+003
 -1.0116251e+003
  5.6065853e+002
 -6.7777200e+002
  7.9036156e+002
  3.9002404e+002
 -9.8908636e+002
 -9.9784729e+001
  5.9003866e+002
 -8.3192005e+002
  1.3862087e+003
 -2.6765940e+002
 -1.1305509e+003
  1.0845106e+003
 -7.4965735e+002
 -1.8570233e+001
  5.8178321e+002
 -2.4735958e+002
  1.5703603e+002
 -1.7775550e+002
  2.5589096e+000
  8.8120487e+002
 -1.9026347e+003
  8.4512416e+002
  9.2983338e+002
 -6.7117233e+002
 -7.6216118e+002
  1.3808935e+003
 -6.3629591e+002
 -8.4978217e+002
  1.2662297e+003
 -1.0798026e+003
  1.4331514e+003
 -1.0424393e+003
 -5.5067459e+001
  1.7920427e+002
  1.2625131e+002
  6.2277963e+001
  4.5753566e+001
 -2.4502487e+001
 -4.5438636e+002
  6.2331991e+002
 -5.4187301e+002
  4.8472156e+001
  1.2897913e+003
 -2.3883159e+003
  2.1010764e+003
 -1.4185463e+003
  5.5760120e+002
  1.0479371e+003
 -1.5109997e+003
 -5.2310144e+002
  2.2529430e+003
 -1.4217242e+003
  2.7777928e+002
 -3.5188985e+002
  3.6159446e+002
  5.9752197e+002
 -8.2542535e+002
 -8.6340401e+001
  3.8325664e+002
 -9.6468021e+002
  1.5171961e+003
 -6.8101548e+002
  4.0979044e+002
 -2.6337398e+002
 -8.2869393e+002
  1.0020150e+003
 -5.9450238e+002
  7.5136546e+002
 -1.0369062e+003
  1.4329945e+003
 -1.9679549e+003
  1.3304324e+003
  2.7282424e+000
  1.6952161e+002
 -6.5885604e+002
  3.8566514e+001
 -9.4783118e+001
  1.0308810e+003
 -1.4776509e+003
  2.8328016e+002
  1.5285393e+003
 -1.3710717e+003
  6.7563164e+002
 -2.5264784e+001
 -1.3697418e+003
  1.2860290e+003
  1.3510659e+002
 -5.9245623e+002
  3.1329488e+002
  2.8465595e+002
  5.6381671e+001
 -1.3737118e+003
  1.0552237e+003
 -9.8210817e+001
  4.9499840e+001
  2.2482953e+002
 -7.3250617e+002
  2.0151401e+002
  6.1559121e+002
 -8.8418478e+002
  7.2440268e+002
 -2.9030922e+002
  4.8274732e+002
 -6.4552592e+002
 -1.6163367e+002
  7.6794631e+002
 -6.9632216e+002
 -2.7474047e+002
  9.7104026e+002
 -4.6246996e+002
 -3.4678853e+002
  8.1137011e+002
 -1.3523281e+002
 -7.5258350e+002
  1.4238186e+003
 -1.0003838e+003
 -7.9621343e+002
  1.3813089e+003
 -3.4897596e+002
 -3.2237386e+002
  3.9503698e+002
 -2.2597567e+002
  2.1440587e+001
  2.2938577e+001
  7.0973887e+001
 -4.1105983e+002
  4.5308965e+002
 -8.1606651e+002
  1.0439336e+003
 -6.4515373e+002
  6.2911554e+002
 -3.9646721e+002
 -4.1197889e+002
  3.6818693e+002
  5.3015366e+002
 -1.0007743e+003
  9.3120936e+002
 -3.6133562e+002
 -6.2137891e+002
  8.0429707e+002
 -1.1381643e+001
 -4.2009119e+001
  1.3826223e+002
 -4.4212444e+002
 -4.8542268e+002
  1.8664786e+003
 -1.6957610e+003
  3.0629220e+002
  3.7392274e+001
  7.3113178e+002
 -1.3725733e+003
  6.8798772e+002
  6.0238872e+002
 -7.6230200e+002
  5.2845512e+002
 -1.2233395e+003
  1.3258273e+003
 -2.0622335e+002
  1.3799866e+001
 -5.4889205e+002
 -1.7676859e+002
  9.6914790e+002
 -4.8358554e+002
  5.2511611e+002
 -9.4509178e+002
  2.4845504e+002
  8.9248603e+002
 -1.5093410e+003
  3.8661331e+002
  1.7292225e+003
 -1.1456643e+003
 -8.0692632e+002
  3.8141056e+002
  5.4109621e+002
 -2.4891482e+002
 -7.8058707e+001
  3.9820262e+002
 -1.6225945e+002
 -1.2259845e+003
  1.4643219e+003
  5.6607443e+001
 -1.2098103e+003
  1.5000650e+003
 -1.1505637e+003
  1.0519637e+002
  7.8941210e+002
 -6.7274976e+002
  3.7957254e+001
 -4.9504292e+002
  1.1061607e+003
 -2.0999995e+002
 -3.3532917e+002
  7.4271297e+001
 -5.2831938e+002
  1.0283511e+003
 -3.5474209e+002
 -4.9718724e+002
  4.4387909e+002
 -3.9471702e+002
  2.3557036e+002
  1.3042740e+001
  1.8306041e+002
 -1.3851311e+002
 -4.1347897e+002
  1.3989674e+003
 -1.2586570e+003
  6.9807721e+002
 -1.2796885e+003
  1.1399465e+003
 -1.8910185e+002
  3.5280692e+002
 -1.0754065e+003
  7.6257784e+002
  2.0793321e+002
 -4.2000422e+002
 -6.2942495e+001
 -3.5824986e+001
  6.1640651e+002
 -9.2710921e+002
  2.2101114e+002
  5.7891138e+002
 -2.1975477e+002
 -4.2697492e+002
  6.9979397e+001
  7.5730501e+002
 -4.9749124e+002
  3.0516041e+002
 -4.6291376e+002
 -3.6018437e+002
  7.4711529e+002
 -5.1678416e+002
  3.1643129e+002
  6.3772744e+001
 -2.2149791e+002
 -1.1613822e+002
  5.5094469e+002
 -2.5976408e+002
  1.0169306e+002
  2.3305049e+002
 -6.2773703e+002
 -2.7099294e+001
  7.3286246e+002
 -9.7616177e+002
  5.6127492e+002
  2.4184148e+001
 -1.3727916e+002
  1.5489078e+002
 -7.5660946e+001
 -1.9219492e+001
 -2.9743872e+002
  6.3362395e+002
  4.8822874e+002
 -1.5239475e+003
  4.8252561e+002
 -2.3473373e+001
  1.1349100e+002
  8.8378953e+002
 -1.3038281e+003
  7.2271574e+002
 -2.6798285e+001
 -2.2035690e+002
  9.2928532e+001
 -7.1390387e+001
  2.3601180e+001
  3.2408937e+002
 -1.7604414e+002
 -7.6840658e+002
  1.0363619e+003
 -9.1187026e+002
  1.2846481e+003
 -8.6806684e+002
 -5.4072068e+002
  6.6099365e+002
  7.7926493e+002
 -1.1912280e+003
  3.7592240e+001
  3.7235455e+002
  8.3920101e+002
 -1.7866576e+003
  1.2536480e+003
 -1.7203009e+002
  4.1767115e+000
  9.0577260e+001
 -5.8251456e+002
  4.5884773e+002
 -9.4022575e+002
  1.5182866e+003
 -5.7390098e+002
 -1.6969461e+002
  2.4450277e+002
 -1.0585532e+003
  1.3362567e+003
 -2.8672941e+002
 -5.2037897e+002
  7.1357559e+002
 -3.5604962e+002
  1.2653512e+002
 -1.3059776e+002
 -7.3325157e+002
  9.9239146e+002
 -5.3241247e+001
 -7.4234845e+002
  1.0677038e+003
 -6.3343398e+002
  6.3681387e+002
 -1.1668482e+003
  1.2360420e+003
 -7.7424367e+002
 -4.7362619e+002
  8.2391385e+002
  1.9857906e+002
 -5.5128167e+002
 -5.5994224e+001
  2.2505549e+002
  6.0937480e+002
 -7.9219427e+002
  3.4724792e+002
 -7.3179294e+002
  1.0845236e+003
 -1.3167171e+003
  1.3389540e+003
 -5.2405919e+002
 -9.6470435e+002
  8.2473520e+002
  1.0802350e+003
 -1.2235506e+003
 -3.8831205e+002
  1.4571445e+003
 -1.5422307e+003
  1.0247504e+003
 -4.6816334e+001
 -1.1771823e+002
 -7.9138908e+002
  9.8298169e+002
  1.1205529e+002
 -7.6794200e+002
  7.4303411e+002
 -7.4456661e+002
 -1.1001491e+002
  7.7252579e+002
  8.9366298e+001
 -7.7734587e+002
  6.9750579e+002
 -1.2149110e+003
  2.1123306e+003
 -1.6080314e+003
 -9.0453039e+001
  9.7856188e+002
 -7.8862933e+002
  6.8542168e+001
  1.3585756e+001
  8.9939190e+002
 -9.5594666e+002
  3.4397629e+002
 -2.1337709e+002
 -3.9030097e+001
  4.7555123e+002
 -7.7853588e+002
  5.8274803e+002
  1.6739428e+002
 -5.3385404e+002
  1.6207248e+001
  2.2811863e+002
  1.0739722e+002
  1.2987642e+002
 -6.0569372e+001
 -4.5256295e+002
  4.9732815e+002
 -2.6822440e+002
 -3.6055546e+002
  2.4195745e+002
  4.4409469e+002
 -7.4638692e+002
  1.6276334e+003
 -1.6676155e+003
  4.8282254e+002
 -4.6497500e+002
  8.5358964e+002
 -9.7713595e+001
 -5.5154770e+002
  2.5802111e+002
  1.7667485e+002
  5.6087971e+002
 -1.7020897e+003
  2.4471501e+003
 -2.6308760e+003
  1.7088286e+003
 -9.2651278e+002
 -1.7384565e+002
  1.1870477e+003
 -1.4055249e+003
  1.1591870e+003
 -4.1844056e+001
 -1.2298735e+002
 -3.4546474e+002
 -1.4697738e+002
  1.1668684e+003
 -1.8558161e+003
  1.0819553e+003
 -2.8297976e+002
 -2.1920738e+002
  1.1635381e+003
 -5.6237053e+002
 -9.0908928e+002
  7.9646170e+002
  2.4070721e+002
 -1.9359249e+002
 -4.1794554e+002
  7.1829749e+002
 -8.3448303e+002
  6.1663398e+002
 -1.7136961e+002
 -6.3404288e+002
  8.8474125e+002
 -7.3074441e+002
  1.2149528e+003
 -1.2220553e+003
  8.4666587e+002
 -9.5528187e+002
  3.2252854e+002
  3.1451249e+002
  9.1772330e+002
 -1.9239584e+003
  1.1292444e+003
 -3.2434211e+002
  3.8983067e+002
  6.7228689e+001
 -1.1783288e+003
  1.2803997e+003
 -5.1385405e+002
 -1.0237422e+002
 -5.9920231e+002
  8.5113976e+002
  1.0825235e+003
 -1.4505641e+003
 -1.9445873e+002
  1.4613586e+003
 -2.0657528e+003
  1.5841476e+003
 -1.0603869e+003
  1.2926830e+003
 -7.3020347e+002
 -1.0550194e+003
  1.6117914e+003
 -2.7473191e+002
 -6.0429489e+001
 -9.2318832e+002
  9.4216797e+002
  5.8975265e+002
 -1.2883449e+003
 -8.0165763e+002
  2.2234271e+003
 -3.3399561e+002
 -1.0063903e+003
  2.1227788e+002
 -2.0565352e+002
  6.3957075e+002
 -3.6489387e+002
  1.2470625e+002
  2.6414810e+002
 -9.9378432e+002
  1.1910999e+003
 -4.7056507e+002
 -2.4380882e+002
  2.9919994e+002
  6.0697538e+001
 -3.5703984e+002
 -4.2698938e+002
  1.1539159e+003
 -1.2835554e+002
 -3.2163304e+002
 -2.7285334e+002
  6.3596743e+002
 -1.5307119e+003
  1.6322369e+003
 -8.9535600e+001
 -8.5955537e+002
  9.2234382e+002
 -1.1623291e+003
  9.0717361e+002
 -3.2128690e+002
 -2.9899484e+001
 -5.3770144e+001
  6.9566530e+002
 -3.3179370e+002
 -6.5308213e+002
  6.7640732e+002
 -6.3617543e+002
  1.1407495e+003
 -1.6171541e+003
  1.0636638e+003
  2.7574956e+002
 -7.1855402e+002
 -1.1212395e+002
 -1.3372864e+002
  1.4121929e+003
 -1.4645384e+003
  1.2873211e+003
 -1.0757954e+003
  4.8194350e+002
 -3.1152105e+002
  4.4855499e+002
  2.3148371e+001
 -6.7164456e+002
  1.4730410e+002
  5.3625485e+002
 -4.1242577e+002
 -8.3487369e+001
  1.4738002e+002
  4.5421770e+002
 -5.6538637e+002
 -2.1438136e+002
  5.4567365e+002
  3.6359105e+002
 -1.4797398e+003
  1.6421172e+003
 -6.8070256e+002
  2.0643402e+002
 -6.5946758e+002
  4.2700593e+002
  7.3023543e+001
  9.4377444e+001
  9.5205563e+001
 -1.7712450e+003
  2.0128334e+003
  1.0436043e+002
 -6.8611423e+002
 -7.2637063e+001
  2.7412684e+002
  5.8327991e+001
 -6.6625407e+002
  1.1580617e+003
 -1.6727339e+003
  2.2080407e+003
 -1.6786953e+003
  8.5791096e+001
  6.3348197e+002
  2.7479500e+002
 -1.3095804e+003
  1.0363064e+003
  6.6674306e+001
 -7.1141583e+002
  2.8474601e+002
 -3.4423278e+002
  1.1994780e+003
 -6.7997286e+002
  2.2462125e+000
  3.8862087e+002
 -1.2522387e+003
  1.6285589e+003
 -1.4157137e+003
  5.8484084e+002
 -3.6199442e+002
  1.5292294e+003
 -2.3684192e+003
  1.6679493e+003
 -2.2084811e+002
 -6.6595229e+002
  3.4185847e+002
  2.9060753e+002
  1.2130079e+002
 -1.2022835e+003
  1.1990990e+003
 -3.8958573e+001
 -9.1412322e+002
  9.0171919e+002
  2.4823573e+002
 -1.1417263e+003
  1.3945192e+003
 -1.0270790e+003
 -1.4789891e+002
  3.1175671e+002
  1.9449673e+002
  5.3303565e+002
 -1.5399646e+003
  7.5696410e+002
  1.7518399e+002
  5.2804830e+002
 -6.2475942e+002
  2.5822900e+002
 -6.1155365e+002
  4.1376299e+002
  3.2986215e+002
 -8.7852023e+002
  5.7447379e+002
  4.0700979e+001
  3.8994892e+002
 -2.7296658e+002
 -8.3156134e+002
  3.9510441e+002
  1.1403480e+003
 -5.9962222e+002
 -1.4723051e+003
  1.6731950e+003
 -8.8835011e+002
  4.6708621e+002
  6.4606128e+002
 -9.7366046e+002
  3.8685538e+002
 -4.5812938e+002
  1.4399504e+001
  6.7971394e+002
  3.3043516e+002
 -1.7777438e+003
  1.4870319e+003
 -2.5437397e+002
  3.7753200e+002
 -1.3341849e+003
  8.5138895e+002
 -7.2138245e+001
  4.8619446e+002
 -8.0999222e+002