-2.5750404e+001
2.9844349e+000
  1.2344303e+001
 -2.5773825e+001
  4.2675304e+001
 -1.8370741e+000
 -4.8320511e+001
  4.8660040e+001
 -4.5753044e+001
  3.3277928e+001
 -8.2201247e-001
 -4.6319396e-001
 -3.3542578e+001
  4.0617836e+001
 -6.0440487e+000
 -5.1422518e+000
 -6.8857917e+000
 -9.4597191e+000
  6.4709343e+000
  2.4302112e+001
 -2.0797718e+001
  4.6000177e+000
  1.8352967e+001
 -3.5167961e+001
  2.2276689e+001
 -6.4089116e+000
 -2.0733130e+000
  2.9221144e+001
 -4.5596906e+001
  4.7918806e+000
  1.9557884e+001
  5.0829172e-001
 -7.4127237e+000
  8.7665207e+000
 -1.0350079e+001
  2.3166974e+000
 -2.8348478e+000
 -3.9689501e+000
  1.2858460e+001
 -4.8887609e+000
  6.8138985e+000
 -2.4388188e+001
  2.3474975e+001
 -9.8688947e+000
  6.3262750e+000
 -8.8129957e+000
 -1.5556519e+000
  2.5152316e+001
 -2.6862137e+001
  7.4092979e+000
  7.8840747e+000
 -2.4747543e+001
  4.5168605e+001
 -3.0672312e+001
 -1.0351239e+000
  5.5554597e+000
  1.9406187e+000
  2.4778118e-001
 -1.4887271e+001
  2.0227550e+001
 -7.3759898e-001
 -3.0973366e+001
  3.0300236e+001
 -1.2731235e+001
  1.9759887e+001
 -3.2280092e+001
  2.6996458e+001
  1.7300801e+001
 -2.9670255e+001
 -1.2900632e+001
  2.3296511e+001
 -6.0081549e+000
 -1.1943886e+001
  4.9038710e+000
  1.8197887e+001
 -9.2216236e+000
 -2.2718219e+001
  4.0703730e+001
 -1.6061221e+001
 -2.5598089e+000
  5.0340243e-002
 -9.0795607e+000
  1.6340307e+001
  1.0862391e+000
 -1.4422634e+001
 -1.1298285e+001
  9.1735218e+000
  4.8098456e+000
 -9.5952206e+000
  4.2350252e+001
 -5.3794433e+001
  3.4175365e+001
 -6.2652851e+000
 -5.3198448e+000
 -1.2156792e+001
  1.4079758e+001
  2.1211796e+001
 -4.8934423e+001
  2.7272858e+001
  8.2987360e+000
 -2.4406401e+000
 -8.6876354e+000
  6.3254766e+000
 -1.5433513e+001
  1.3840703e+001
 -3.7612935e+000
 -4.3663490e+000
  9.6944376e+000
  8.6066154e+000
 -2.2947263e+001
  9.1340564e+000
  1.1955218e+001
 -3.5288060e+001
  5.2170756e+001
 -5.1821374e+001
  2.9977816e+001
 -5.7712330e+000
 -1.0172414e+001
  1.8044538e+001
 -9.2500141e+000
  6.7653883e+000
 -2.4601120e+001
  1.9168363e+001
  1.6711416e+000
 -1.2750802e+000
 -3.2275775e+000
  2.0523763e+000
  2.5334868e+000
 -4.9229755e+000
  1.4724941e+001
 -1.8953576e+001
  1.7285136e+000
  1.6643303e+001
 -1.8249697e+001
  8.2757390e+000
 -1.5081534e+001
  2.0014120e+001
 -1.2718559e+001
  9.9929316e+000
 -7.8472237e+000
  1.3791119e+001
 -1.1854810e+001
  8.8280162e+000
 -1.6154933e+001
 -1.5991431e+001
  5.1879362e+001
 -2.5347528e+001
 -9.7167990e+000
  3.0690795e+001
 -4.6807224e+001
  4.2544404e+001
 -3.0894733e+001
  1.5394334e+001
  5.9095353e-001
  2.9705200e+000
 -1.6382830e+001
  3.5946586e+000
  1.0447473e+001
 -1.0590209e+001
  3.2258403e+001
 -3.8033218e+001
  2.5331009e+001
 -2.5868119e+001
  9.1729891e+000
  1.5964500e+001
 -3.0737033e+001
  3.4661847e+001
 -2.5925426e+001
  1.8833576e+001
 -4.9064619e+000
 -3.8766739e+000
  6.7891807e+000
 -3.3861991e+001
  6.3294535e+001
 -4.6255805e+001
  1.6784191e+001
 -1.2146144e+001
  1.9115242e+001
 -4.4280152e+001
  3.5602221e+001
  4.8342952e+000
 -7.1170651e+000
 -2.2643625e+000
 -9.7179349e+000
  2.5357038e+001
 -3.7962773e+001
  2.6336647e+001
 -2.1320185e+000
 -1.1396265e+001
  1.1728527e+001
  3.5885648e+000
 -9.6335367e+000
  4.8709026e+000
  3.0446965e+000
 -2.0336323e+001
  1.4744342e+001
  1.1156922e+001
 -6.8714274e-002
 -8.5152657e+000
 -1.4332580e+001
  1.7478363e+001
  3.9032383e-001
 -1.3551037e+001
  2.0494845e+001
 -2.5722102e+001
  3.1302046e+001
 -9.4655237e+000
 -2.8195806e+001
  2.7182028e+001
 -2.9827949e+001
  2.3970523e+001
  1.6644791e+001
 -1.4565861e+001
 -1.0003036e+001
  7.6325693e+000
 -1.6355159e+001
  3.0999972e+001
 -2.9649834e+001
  1.3640789e+001
 -1.1351802e+001
  3.7791137e+001
 -2.5120425e+001
 -2.0352406e+001
  4.1151395e+001
 -1.1886846e+001
 -2.6874433e+001
  1.3310497e+001
  1.1514722e+001
 -7.8494501e+000
  9.2581158e+000
 -3.6950075e+001
  4.1400458e+001
 -6.8769822e+000
 -1.5282373e+001
  4.6098592e+000
  2.0852360e+001
 -2.8355058e+001
  1.7791640e+001
 -2.5552718e+001
  3.2550484e+001
 -1.8226276e+000
 -2.0623906e+001
  4.0503835e+000
 -9.8221604e+000
  3.3320961e+001
 -2.3253224e+001
 -8.7873442e-001
  1.1849013e+001
  6.1621044e+000
 -1.8711874e+001
  1.0807374e+001
 -1.6688286e+001
  4.7723411e+000
  2.1487357e+001
 -2.3681613e+001
  2.5374249e+001
 -2.3415835e+001
  1.0706884e+001
 -1.9216260e+001
  2.8236383e+001
 -1.6275932e+001
  1.4206832e+001
 -7.3705200e+000
 -1.1849877e+001
  2.0144501e+001
 -6.0719111e+000
 -1.4400956e+001
 -7.4788606e+000
  3.5021819e+001
 -2.3487570e+001
  1.2843252e+001
  5.6936310e+000
 -3.1559331e+001
  3.3776491e+000
  3.3481279e+001
 -1.1000535e+001
 -8.8453767e+000
 -1.0700196e+001
  1.9316025e+001
 -1.9700841e+001
  2.4027965e+001
  4.7920291e+000
 -3.1189065e+001
  4.6312018e+000
  7.6436079e+000
  5.4271793e-001
  4.8983847e+000
 -3.2372990e+000
 -6.6950523e+000
  1.0695831e+001
  8.9055280e+000
 -6.5404076e+000
 -7.7013412e+000
 -7.0155370e+000
  4.4306256e+000
  1.7663683e+001
 -2.9070690e+001
  3.6136600e+001
 -2.2773592e+001
  1.6705519e+000
  3.1819463e+000
 -1.6247775e+001
  2.3494406e+001
 -2.7952006e+001
  3.5324390e+001
 -3.3805803e+001
  5.5675654e+001
 -6.4421679e+001
  2.6311948e+001
 -1.5525269e+001
  3.0164783e+001
 -2.8971840e+001
  1.2923395e+001
  2.3571676e+001
 -1.7993983e+001
 -2.3612694e+001
  3.3852897e+001
 -2.1300957e+001
  9.7707034e+000
 -9.8390637e+000
  1.7507419e+000
  3.5315255e+000
  6.2363481e+000
  4.3844874e+000
 -1.0888623e+001
 -9.2892077e+000
  3.2724754e+001
 -3.1939237e+001
  1.2843752e+001
 -1.4715298e+001
  4.1626084e+000
 -9.3225114e+000
  3.8637868e+001
 -1.2408153e+001
 -1.5359505e+001
 -2.4809882e+000
  3.4025512e+000
  1.8504111e+001
 -1.7817504e+001
 -6.4525336e+000
  1.9681321e+001
 -7.6541709e+000
  2.3560906e+000
 -3.3457207e+000
 -1.3430426e+001
  2.7674506e+001
 -1.9140336e+001
  1.3354631e+001
 -2.3870452e+001
  1.8440050e+001
 -5.0301833e+000
  5.9936938e+000
  2.0400240e+000
 -1.2563008e+001
  1.6879113e+001
 -1.9673949e+001
 -1.4882154e+001
  3.0424702e+001
  1.2748806e+000
 -3.6746952e+000
 -7.5042103e+000
  7.5551586e+000
 -8.9543981e+000
  2.6243632e+000
  2.2532121e+001
 -2.8325168e+001
  6.3195414e+000
  6.2703309e+000
 -1.0204021e+000
 -2.4439180e+001
  2.6708398e+001
  8.4715547e+000
 -1.3569560e+001
 -1.4600740e+001
  2.3928633e+001
 -5.9377729e+000
 -1.3320785e+001
  1.4310791e+001
 -2.0816986e+001
  2.9117255e+000
  4.9664413e+001
 -6.0562386e+001
  2.7677589e+001
  7.4210355e+000
 -2.8120955e+001
  3.3630947e+001
 -8.5767634e+000
 -1.6200820e+001
 -8.0738489e+000
  1.7604982e+001
 -6.8988836e+000
  1.0197987e+001
 -1.1747960e+001
  3.6563199e+001
 -4.6197181e+001
  1.6651854e+001
 -3.2938846e+000
 -7.1876517e+000
  2.6312417e+001
 -2.4887981e+001
  2.8216940e+001
 -2.9483594e+001
 -7.1689453e+000
  4.1707261e+001
 -5.3849615e+001
  4.7088875e+001
 -2.7154881e+001
  2.4915511e+001
 -3.3551104e+001
  2.5189904e+001
 -1.8466920e+001
  2.8121591e+001
 -1.5497345e+001
 -1.6151353e+000
 -2.4677578e+001
  4.6751279e+001
 -1.0559789e+001
 -3.5160335e+001
  3.2745664e+001
 -5.4248612e+000
 -1.1468801e+001
  5.0348606e+000
  1.7218611e+001
 -2.1318261e+001
  1.0951137e+001
 -1.6456910e+000
 -1.2011080e+001
  7.9091434e+000
  2.1109450e+001
 -4.2323609e+001
  3.2450067e+001
 -5.7902659e+000
  8.4227528e+000
 -2.4944016e+001
  1.1128962e+001
  2.5244955e-001
  6.5129380e+000
 -1.7419983e+001
  7.3775706e+000
  9.0969651e+000
  1.0086292e+001
 -1.9298426e+001
  4.8268889e+000
  9.9066541e+000
 -1.5405473e+001
  1.1080612e+001
 -1.1492019e+001
 -7.4493102e+000
  3.1018728e+001
 -1.2515796e+001
 -2.4162073e+001
  2.4937070e+001
  7.6502282e+000
 -1.1655905e+001
 -2.1305761e+001
  3.3197308e+001
 -1.4763372e+001
  2.3114947e-002
  1.0362687e+001
 -2.4902336e+001
  5.3585216e+000
  5.5684072e+001
 -7.1146161e+001
  1.9424306e+001
  2.2881107e+001
 -2.4887314e+001
  7.8984717e+000
  7.6932425e+000
 -1.9217011e+001
  8.1779168e+000
  1.3845913e+001
 -1.0986390e+001
  9.6418556e+000
 -2.3869593e+001
  2.7096195e+001
 -1.6568603e+001
 -1.3918664e+000
  2.0372711e+001
 -1.5320589e+001
 -1.5442036e+000
  5.6005613e+000
  6.3000533e+000
 -2.5940955e+001
  3.4406795e+001
 -2.9051254e+001
  2.1045581e+001
 -3.5120364e+001
  3.7491530e+001
 -1.5464975e+001
  1.0514304e+001
 -2.3867891e+001
  3.6022816e+001
 -3.3516222e+001
  1.5285801e+001
  1.5062578e+001
 -2.5080980e+001
  1.2115242e+001
 -2.0806207e+001
  4.7461211e+001
 -3.9554983e+001