-1.5981302e+001
7.8555049e+000
 -5.3974439e+000
 -2.3391321e+000
  1.7122693e+000
  7.1082954e+000
 -3.4063789e+000
 -2.2836415e+000
 -1.2973437e+001
  2.7990747e+001
 -1.2094102e+001
 -1.0322667e+001
  1.7796601e+001
 -3.6600373e+000
 -1.4659005e+001
  1.7473604e+001
 -1.0990060e+001
 -1.0949900e+000
  4.3080895e+000
  1.5009900e+001
 -9.0041073e+000
 -1.4950932e+001
 -5.4732862e+000
  2.2546307e+001
 -5.6727505e+000
 -2.1951690e+000
 -7.6209585e+000
  1.1357438e+001
 -4.9877194e+000
  1.7135306e+001
 -2.6904246e+001
  9.7801269e+000
  6.6848587e+000
 -1.0354252e+001
  8.4769438e+000
 -1.2646972e+001
  1.7569938e+001
 -2.0133072e+001
  1.9285402e+001
 -1.3663150e+001
 -3.3823269e+000
  2.1972210e+001
 -2.1740502e+001
  2.4376598e+001
 -3.2980843e+001
  3.5714362e+001
 -2.4602124e+001
  8.2081853e+000
  3.6659451e+000
 -3.7245654e+000
 -1.3180069e+001
  2.3993795e+001
 -1.1994366e+001
 -1.5195843e+001
  2.1241367e+001
 -8.8390623e+000
  1.0183999e+001
 -1.1761376e+001
  8.9861461e-001
  3.7639390e+000
 -1.0915523e+001
  2.4353001e+001
 -1.6808440e+001
 -3.3965130e+000
  4.9189919e+000
  1.8848734e+001
 -2.6618403e+001
  1.0854996e+001
 -5.7403246e+000
  4.9609765e-001
  3.4871196e+000
 -4.7208781e+000
  8.2941819e+000
 -3.1618837e+000
 -4.6607787e+000
  6.8174044e+000
  7.8734947e+000
 -1.8934173e+001
  1.9137038e+001
 -2.7205052e+001
  3.5738681e+001
 -2.8090643e+001
  4.9782946e+000
  4.5149269e+000
 -1.2586237e+001
  2.2275191e+001
 -6.3796091e+000
 -1.1223196e+001
  1.7912139e+001
 -2.1054378e+001
  1.1867615e+001
  2.2552896e+000
 -2.2917267e+000
  2.1638547e+000
  9.4581730e-001
 -1.2846675e+001
  1.0101122e+000
  1.6008144e+001
 -2.2597264e+001
  2.8289922e+001
 -3.2674351e+001
  3.4662302e+001
 -2.1090621e+001
 -3.5856475e+000
  8.8970622e+000
  1.0948703e+001
 -2.0526640e+001
  1.9846011e+001
 -7.0509698e+000
 -1.7755632e+001
  2.8087945e+001
 -1.1255461e+001
 -1.4928841e+001
  3.1845293e+000
  9.3180696e+000
  1.5434320e+001
 -2.4836696e+001
  4.1777660e+000
  3.3649849e+000
 -2.5571832e+000
  3.2166120e+000
  4.5432158e+000
  9.5375325e+000
 -2.1906976e+001
  1.6944139e+001
 -2.3854010e+001
  1.1949301e+001
  2.5391411e+001
 -3.8515918e+001
  2.3356163e+001
 -5.9572778e+000
  1.6855951e+000
 -1.5241795e+001
  1.7625861e+001
 -2.0542809e+000
 -6.0856718e+000
 -4.7892881e-001
  1.4655243e+001
 -1.1258588e+001
 -8.4084521e+000
  3.1747560e+000
  7.1491557e+000
  6.1973084e+000
 -6.1382445e-001
 -9.7764004e-001
 -1.4215259e+001
 -4.0676796e+000
  2.1763460e+001
 -1.4576774e+001
  5.2032900e+000
  1.3891763e+001
 -3.4305467e+001
  1.5260885e+001
  1.6636635e+001
 -1.7977773e+001
  1.6321249e+001
 -1.8067202e+001
 -1.2287140e+000
  1.3550395e+001
  7.1834508e+000
 -9.6718500e+000
 -8.1439032e+000
  7.8656278e+000
 -2.6898169e+000
 -6.8283522e+000
  1.3819370e+001
 -1.4488833e+001
  1.8287486e+001
 -9.2744221e+000
 -5.9397767e+000
  7.4663010e+000
  1.6110108e+000
  4.3970667e+000
 -1.0669207e+001
 -7.4022623e+000
  1.0381684e+001
  1.1298361e+001
 -2.0797208e+001
  6.7357391e+000
  1.2265546e+001
 -1.0818322e+001
 -1.1718087e+001
  2.9702687e+001
 -2.9693877e+001
  9.5537196e+000
  1.9099826e+001
 -2.5523317e+001
  1.5587592e+001
 -1.3319469e+001
  1.0226206e+001
  4.1572754e+000
 -2.0155621e+001
  1.3155890e+001
  6.8782568e+000
 -1.3580972e+001
  1.7365047e+001
 -1.1382326e+001
  1.6138066e-001
 -5.5347727e+000
  8.3794984e+000
 -1.6370052e+001
  2.5384560e+001
 -1.5037351e+001
  3.5725544e+000
  1.2324749e+000
 -1.3203221e-001
 -7.0818986e+000
  1.9902252e+001
 -2.9980224e+001
  2.1621465e+001
  5.0576503e+000
 -2.3595189e+001
  1.2661947e+001
 -2.5943517e+000
  1.5259669e+001
 -2.4165206e+001
  1.9851671e+001
  1.9300043e+000
 -1.3978960e+001
 -5.8003908e+000
  4.9614813e+000
  2.2116594e+001
 -2.3486872e+001
  9.3794768e+000
 -1.7747851e+001
  3.0739058e+001
 -2.8996710e+001
  2.4245123e+001
 -1.9479892e+001
  2.0260303e+001
 -2.8515257e+001
  3.7805698e+001
 -3.6199999e+001
  1.4239735e+001
  7.7087335e+000
 -6.4513423e+000
 -9.9057614e+000
  1.8711009e+001
 -1.5465223e+001
  2.1962336e+001
 -2.0677602e+001
 -7.3423697e+000
  5.3260047e+000
  2.2751161e+001
 -2.9703482e+001
  1.4807431e+001
  5.1290755e+000
 -9.6441606e+000
 -9.3819703e+000
  3.3741357e+001
 -3.2076233e+001
  1.2711676e+001
 -2.2740786e+000
  2.5631105e+000
 -3.5970637e+000
  4.7661010e+000
  5.1150432e+000
 -1.4949505e+001
  1.9028864e+000
  4.7344423e+000
 -1.8354906e+000
 -7.2317311e+000
  3.1903299e+001
 -3.6540097e+001
  1.7072269e+001
 -2.2566535e+000
  2.7229625e+000
 -7.1686432e+000
 -1.2529843e+000
  6.2996771e+000
  1.0145361e+001
 -2.6613208e+001
  1.8847195e+001
 -1.3389138e+001
  2.7149649e+001
 -2.0318994e+001
  8.2643210e+000
 -1.6284508e+001
  4.8813551e+000
  1.4441463e+001
 -8.6590106e+000
 -1.5310993e+000
  5.8489591e-001
 -5.9897921e+000
  1.2943959e+001
 -3.2312160e+000
 -9.4338621e+000
  1.8246571e+001
 -2.3386211e+001
  1.6524873e+001
 -1.8356010e+001
  3.0250863e+001
 -2.3092028e+001
  8.2725767e+000
  5.0247434e+000
 -1.8527357e+001
  2.9722431e+001
 -2.0502435e+001
 -1.9478987e+000
 -1.1137278e+001
  1.7804814e+001
  1.0873588e+001
 -1.9809980e+001
  9.7873892e+000
 -9.0561470e+000
 -4.7515406e+000
  2.8541260e+001
 -3.4472027e+001
  3.1184840e+001
 -1.3735880e+001
 -8.3904742e+000
  7.1759200e+000
  3.0769397e+000
  7.3946659e+000
 -1.5206065e+001
  5.7920423e+000
 -3.1295990e+000
  3.7388245e+000
 -8.5989519e+000
  4.0882974e+000
  1.0864714e+001
 -1.2418907e+001
  3.7993667e+000
  4.8550428e+000
 -1.5335103e+000
 -9.6513068e-001
  1.8903593e+000
 -8.9546747e+000
  3.0302659e+000
  4.6753255e+000
 -4.4732628e+000
  3.4995267e+000
 -4.6511562e+000
  1.1352122e+001
 -1.1036247e+001
  1.1185301e+000
  5.7958639e+000
 -7.6238960e+000
  1.5896174e+001
 -2.5648881e+001
  1.3925918e+001
  2.6792950e+000
 -8.7458835e-001
 -1.7406094e+000
  6.8026669e+000
 -2.4047504e+001
  2.0189588e+001
  7.0110493e+000
 -8.5683424e+000
 -8.7198005e+000
  7.3587149e-001
  5.8274028e+000
  2.6662033e+000
 -3.2156139e+000
 -4.1981053e+000
  2.6081326e+001
 -3.4283281e+001
  1.6714990e+001
  6.8413598e-001
 -1.2801513e+001
  1.3405092e+001
 -1.1488346e+001
  2.0453860e+001
 -1.5205710e+001
 -6.1762893e+000
  1.5699795e+001
 -1.4164724e+001
  9.4009564e+000
 -1.1925342e+001
  1.3303711e+001
  6.5293456e-001
 -4.0313688e+000
 -2.8160195e+000
 -1.4585267e+001
  3.1849777e+001
 -1.4685825e+001
 -1.0037619e+000
 -9.8103063e+000
  2.9590963e+001
 -3.7075158e+001
  2.8690063e+001
 -1.4267778e+001
 -2.6086843e+000
  1.5351462e+001
 -1.8154396e+001
  1.1598158e+001
  4.3989591e+000
 -1.7629485e+001
  7.9800314e+000
  2.1613306e+000
  7.2826705e+000
 -1.0894566e+001
 -1.3089556e-001
  4.6182940e+000
  4.7272020e+000
 -8.7659667e-001
 -1.4554885e+001
  9.7001629e+000
 -6.4923046e+000
  1.6228141e+001