1.7781220e+002
-7.0440000e+001
  4.7857498e+000
  3.6101529e+002
 -6.1029777e+002
  3.0528699e+002
 -3.8512861e+001
  6.8778764e+001
  1.2839202e+001
 -1.3935137e+002
 -6.2198801e+001
  1.4780871e+002
 -7.5703698e+001
  2.9921796e+001
  1.8795110e+002
 -2.6794483e+002
  5.1014976e+001
  1.6648209e+002
 -3.2518949e+002
  2.5684505e+002
  6.1353125e+001
 -1.5474572e+002
 -5.6426219e+000
  1.6226400e+002
 -2.8209988e+000
 -3.1887608e+002
  2.3920208e+002
  8.3502439e+001
 -3.4670396e+002
  3.0580258e+002
 -2.3193566e+001
 -1.0732778e+002
  9.7892666e+001
  2.1918450e+001
  3.6152903e+001
 -2.1443363e+002
  4.4789174e+001
  1.8946280e+002
 -1.1604852e+002
 -2.1675117e+002
  2.7230230e+002
 -6.3588594e+001
  2.6252407e+002
 -4.0051253e+002
 -1.6434187e+001
  2.3643311e+002
  1.3693013e+002
 -4.7739638e+002
  3.3390990e+002
 -1.5818473e+002
  3.3850229e+002
 -4.8923936e+002
  3.5711046e+002
 -1.9750902e+002
  2.9771946e+002
 -4.4574487e+002
  4.8874859e+002
 -5.0454867e+002
  2.6986094e+002
 -3.3177657e+001
 -6.6731492e+001
  1.8514459e+002
 -1.1210967e+002
 -5.5279188e+001
 -5.4104844e+001
  2.7503111e+002
 -1.4423218e+002
  4.4182451e+001
 -3.3979675e+002
  3.5118994e+002
 -5.1822164e+001
 -1.1866574e+002
  2.0057238e+002
 -2.6099168e+001
 -1.0967675e+002
 -6.5788078e+001
 -2.4078235e+001
  2.2913378e+002
 -2.4897479e+001
 -1.0948786e+002
 -1.6009263e+001
  1.0275918e+002
  4.9568627e+001
 -1.8470907e+002
  6.7993004e+001
  3.7716628e+001
 -8.3342825e+001
 -3.3794805e+000
  1.4475373e+002
 -1.5234233e+002
 -4.5689608e+001
  1.3823482e+002
 -2.8297791e+001
  4.9431848e+001
 -1.1298196e+002
  1.6756568e+002
 -1.6036676e+002
  2.4611625e+002
 -4.2650004e+002
  4.4152461e+002
 -3.2052381e+002
 -7.4157706e+001
  1.5164598e+002
  4.2078726e+001
  2.2965052e+002
 -2.6657211e+002
 -2.7161764e+001
  3.9627265e+001
  2.8670587e+001
 -9.1276877e+001
  1.4705860e+002
 -1.6079482e+002
  1.5122587e+002
 -4.9703738e+001
  5.7697742e+001
 -1.4999364e+002
  4.3273033e+001
 -2.7918619e+000
  1.1275680e+002
  1.2153482e+002
 -4.9756788e+002
  5.2141881e+002
 -3.2859818e+002
  4.3232405e+002
 -7.9497109e+002
  8.0106684e+002
 -3.6592938e+002
  8.3061338e+000
 -2.5344761e+001
  1.8059223e+002
 -3.0672295e+002
  4.5503941e+002
 -4.4961850e+002
  1.6645005e+002
  4.9291837e+001
  9.9227459e+001
 -3.2847044e+002
  3.0729568e+002
 -2.5985430e+002
  2.2455871e+002
 -1.7461554e+002
  1.0269094e+002
  3.2471871e+001
 -3.9326786e+001
  4.2553653e+001
 -1.2860665e+002
  2.2822180e+002
 -2.1079229e+002
  6.5090630e+001
  3.0412746e+001
 -2.9203265e+001
  1.4440916e+001
 -1.1163924e+002
  1.5097425e+001
  1.1328401e+002
  1.8734125e+002
 -3.4659981e+002
  1.0536173e+002
  1.3659102e+002
 -1.7533727e+002
 -1.2716488e+001
  2.2301164e+002
 -2.3139056e+002
 -1.9421511e+000
  1.7646193e+002
 -1.9524695e+002
  1.5715411e+002
  4.9364285e+001
 -2.9537480e+002
  3.0796084e+002
  2.6913478e+001
 -1.9446952e+002
  7.4339546e+001
  9.6537840e+001
 -3.1496407e+002
  1.6675670e+002
  5.6583562e+000
  2.6367136e+001
 -7.7086107e-001
  1.0844788e+002
 -7.8464927e+001
 -1.5951912e+002
  2.1672382e+002
 -1.5791303e+002
  1.3291918e+002
 -9.3621626e+001
 -8.6927510e+001
  2.6738808e+002
  2.3936113e+001
 -3.6562604e+002
  1.4072554e+002
 -3.3773780e+001
  2.1349626e+002
 -1.5663214e+002
 -2.0676572e+001
  3.9586951e+001
 -3.4772430e+001
  2.2110837e+002
 -3.0602561e+002
  2.2985785e+002
 -1.6263763e+002
 -4.6874039e+001
  2.7016450e+002
 -3.4535933e+002
  3.2406327e+002
 -9.2382790e+001
 -1.6164475e+002
  2.6485192e+002
 -2.0010761e+002
  3.9185339e+001
  5.7145310e+001
 -1.8260593e+002
  1.0325207e+002
  1.7812387e+002
 -2.7592972e+002
  2.9183794e+002
 -3.0418716e+002
  2.6866223e+002
 -1.2574188e+002
 -1.7209563e+002
  3.0076806e+002
 -6.0612833e+001
 -1.7823163e+002
  2.0309413e+002
 -1.6934014e+001
 -2.1270597e+002
  2.6356753e+002
 -2.6917885e+002
  3.4286512e+002
 -3.4636324e+002
  1.0779677e+002
  3.5903209e+001
 -3.6694022e+001
  1.5366185e+002
 -2.3640686e+002
  1.1734169e+002
  8.2480887e+001
 -4.6547394e+002
  5.9896554e+002
 -1.9034791e+002
  5.8814800e+001
  8.7821744e+001
 -2.5828047e+002
  6.6561098e+001
 -5.3929526e+001
  1.7181846e+002
 -1.8740106e+002
  3.9000206e+001
  1.5405237e+002
 -1.4997719e+001
 -2.1327397e+002
  1.0686499e+002
  1.8191655e+002
 -3.9674128e+002
  3.4627524e+002
 -5.1910376e+001
 -8.0010683e+001
 -1.0306039e+002
  2.0602527e+002
 -7.0584173e+001
  3.7179248e+001
 -1.3555482e+002
  2.0704980e+002
 -2.3087186e+002
 -1.7833060e+002
  6.0001688e+002
 -2.6138933e+002
 -1.7773991e+002
  2.6548181e+002
 -1.4628352e+002
 -2.4356996e+001
  2.2912281e+001
 -2.0987670e+001
  6.0155832e+000
  6.0676877e+001
  5.5397581e+001
 -1.4150920e+002
  4.6645015e+001
  5.7295123e+000
 -1.5303378e+002
  6.0219944e+001
  3.5873525e+002
 -3.2837178e+002
  2.8357515e+001
 -4.9496087e+001
  1.8457867e+002
 -7.2479151e+001
 -8.3307603e+001
  2.1293501e+002
 -3.0090039e+002
  2.0072901e+002
  5.6067407e+001
 -2.1185617e+002
  6.7892857e+001
  1.1069621e+001
  6.4392630e+001
 -1.6366997e+002
  1.6239370e+002
  8.2741169e+001
 -1.1962808e+002
 -2.0544440e+002
  2.1376475e+002
  1.1145818e+002
 -1.1009840e+002
 -8.4796194e+001
  5.4684653e+001
 -5.5686293e+000
 -1.1248558e+002
  1.3472648e+002
  1.8817742e+002
 -3.2794539e+002
  1.2195342e+002
  1.4704069e+001
  1.9031773e+001
 -5.7865582e+000
  5.6024047e+001
 -4.3365433e+001
 -1.1131355e+002
  5.1094786e+001
  2.9511626e+001
  1.9606487e+002
 -2.8617203e+002
  1.0798914e+001
  1.2399063e+002
 -9.7077794e+000
 -4.3749202e+001
  7.1021366e+001
 -2.3567438e+002
  2.9429759e+002
 -4.1971336e+001
 -1.8780739e+002
  2.1298890e+002
 -2.0730108e+002
  1.4294693e+002
 -1.3400016e+002
  2.9899352e+002
 -3.1405180e+002
  7.9727661e+001
  1.2455497e+002
 -1.6173023e+002
  1.9709269e+001
  2.0213995e+002
 -3.0120596e+002
  7.2203031e+001
  1.9475361e+002
  4.7697517e+001
 -2.9329086e+002
 -5.6752106e+001
  4.0096636e+002
 -3.7601572e+002
  2.8312695e+002
 -8.3303294e+001
 -1.1721816e+002
  1.1138622e+002
 -1.3585002e+002
  2.0148707e+002
 -1.1711877e+000
 -1.8873247e+002
  1.5961154e+002
 -3.1725908e+002
  3.2517227e+002
 -6.7147566e+001
 -5.6450736e+001
  1.3548290e+002
 -5.1546100e+001
  1.1771597e+002
 -4.6643031e+002
  4.6896437e+002
 -2.3484802e+002
  1.1979877e+002
 -8.8648532e+001
  1.0563994e+002
 -1.9114003e+001
 -1.6373644e+002
  5.4831317e+001
  3.0846393e+002
 -5.0616219e+002
  2.4665794e+002
  1.2002363e+002
 -1.2290420e+002
  1.8950657e+002
 -3.1461587e+002
  1.7692014e+002
 -1.1307975e+002
  9.9822535e+001
  8.3580936e+001
 -1.5526062e+002
  4.1618543e+001
  1.5567397e+002
 -2.9124629e+002
  2.3229540e+002
 -1.0305196e+002
 -5.8593735e+001
  1.1654275e+002
 -1.0961536e+002
  2.4095839e+002
 -1.7767428e+002
 -8.1483828e+000
  1.7400158e+000
 -1.7774264e+001
  1.1013551e+002
 -3.4828293e+002
  4.3657241e+002
 -2.7357683e+002
  3.0960536e+002
 -1.7492476e+002
 -1.9312144e+001
 -1.5100724e+002
  1.4821970e+002
  1.1261779e+002
 -1.5698695e+001
 -1.5504738e+002
 -7.0875794e+001
  5.8600465e+001
 -2.5901222e+001
  1.8406017e+002
 -9.9131832e+001
  8.9016430e+001
 -3.5526875e+001
  6.4443488e+001
 -3.2038402e+002
  3.6096637e+002
 -3.3428474e+001
 -4.6303757e+002
  4.5839644e+002
 -1.5809844e+002
  1.8292740e+002
 -2.2284999e+002
  5.2720176e+001
 -1.5959398e+002
  3.3053959e+002
 -1.6998743e+001
 -1.6023320e+002
  1.1129017e+002
 -2.7231298e+002
  3.3053618e+002
 -2.8807383e+002
  3.0116621e+002
 -1.6214854e+002
  1.0484507e+002
 -1.1263633e+002
 -1.4779832e+002
  1.7874834e+002
  9.1499603e+001
 -2.1026123e+002
  1.9278267e+002
  6.5696200e+001
 -1.8470870e+002
  2.5491301e+001
 -2.3900913e+001
 -1.4051905e+001
  5.2346944e+001
  7.3501658e+001
 -1.6156463e+002
  2.0742294e+002
 -2.4150922e+002
  3.1746118e+002
 -3.5020400e+002
  5.7344858e+001
  1.6425556e+002
 -1.8073049e+002
  2.5989476e+002
 -1.8784860e+002
  9.8157679e+001
 -7.3610418e+001
 -7.0406436e+001
  1.1303745e+002
  1.4535168e+002
 -3.0043422e+002
  7.4258526e+001
  1.4401170e+002
 -4.2606801e+001
 -1.5765382e+002
  6.6364803e+001
  1.7312420e+001
 -1.0792688e+002
  2.5596630e+002
 -6.5590356e+001
 -6.4138985e+001
 -1.4556864e+001
  4.1199125e+001
  6.0626178e+001
  5.3630845e+001
 -2.9006162e+002
  2.9268638e+002
 -2.5129869e+002
  1.4562666e+002
 -5.9526731e+001
 -1.2917937e+002
  1.9411411e+002
 -1.0565892e+002
  2.8410536e+002
 -8.8752454e+001
 -4.0185053e+002
  3.4997192e+002
 -4.6430378e+001
  1.0468104e+002
 -2.5198067e+002
  2.0688175e+002
 -1.4703353e+002
  1.1145336e+002
 -6.9442237e+001
 -1.7573630e+002
  1.6232003e+002
  2.5809214e+002
 -2.2606660e+002
 -1.0943252e+002
  1.0004695e+002
  2.2376546e+002
 -2.8482045e+002
  1.0421244e+002
 -1.7711288e+002
  6.9427903e+001
  2.2305805e+002
 -2.3695611e+002
  2.0934569e+002
 -1.4689717e+002
 -1.2932012e+002
  2.5137947e+002
 -1.2851184e+002
  2.7424563e+000
  2.0396806e+002
 -3.4530765e+002
  3.1425796e+002
 -2.9928930e+002
  1.6319992e+002
 -4.8868197e+001
  1.2253064e+002
 -1.1091569e+002
  1.3756442e+002
 -1.3410372e+001
 -1.8011974e+002
 -2.1680655e+001
  2.1039962e+002
 -1.5475555e+002
 -3.3683780e+001
  3.9974922e+001
  1.9312446e+002
 -7.9437416e+001
 -7.8475649e+001
 -2.2246454e+002
  5.6758345e+002
 -5.1845114e+002
  2.3149971e+002
 -6.8502484e+001
  1.7282406e+002
 -1.7881575e+002
 -2.4671097e+002
  5.7291506e+002
 -5.9260625e+002
  4.5679822e+002
 -1.6969896e+002
  1.7516770e+001
  3.8832195e+001
 -1.9587741e+002
  2.3896448e+002
 -1.5812990e+002
  1.2433188e+001
  1.0751782e+002
 -2.1913016e+001
 -1.5309640e+002
  3.4195284e+002
 -2.3932255e+002
 -5.3455222e+001
  2.2048302e+002
 -3.6808238e+002
  3.2365960e+002
 -1.2670767e+002
  4.2411417e+001
 -2.5112753e+002
  4.6230447e+002
 -2.8513374e+002
  9.6367053e+001
 -1.0271790e+002
  6.9584454e+001
 -7.2665036e+001
  2.3534994e+002
 -2.4813646e+002
  2.0759872e+002
 -3.1851188e+002
  1.2520943e+002
  1.0778752e+002
  6.4847044e+001
 -2.3283385e+002
  2.1458922e+002
 -1.2648840e+002
 -2.5237110e+001
  2.4822531e+002
 -2.5547191e+002
  2.5995288e+001
 -2.4362421e+001
  1.0775701e+002
 -4.9935632e+001
  3.5269994e+001
 -2.3722798e+002
  3.4254491e+002
 -1.8714448e+001
 -2.4025759e+002
  3.5386828e+002
 -5.0224227e+002
  5.4830115e+002
 -5.2221130e+002
  4.5101845e+002
 -3.3469405e+002
  2.2894627e+002
 -2.3645346e+002
  2.1865065e+002
 -1.0092936e+002
 -1.7510953e+002
  4.4042817e+002
 -4.1196505e+002
  3.1153516e+002
 -1.7726700e+002
 -1.1764160e+002
  2.2048282e+002
 -6.7537302e+001
 -6.7193513e+001
  2.2034858e+002
 -1.9355871e+002
 -1.3015738e+001
  6.5657789e+001
 -7.7488069e+001
  3.0264369e+002
 -3.1576279e+002
  1.0794045e+002
 -5.9079103e+000
 -2.1760674e+002
  2.8343997e+002
 -3.6849121e+001
 -1.3187866e+002
  2.1496618e+002
 -1.8381245e+002
 -9.2167175e+001
  3.2097550e+002
 -4.7345796e+002
  5.4250309e+002
 -3.6513136e+002
  1.7279744e+002
 -1.0976241e+002
 -2.7923072e+000
 -2.1041295e+001
  7.3204191e+001
  1.4698934e+002
 -1.6882332e+002
 -1.6107677e+001
 -8.9473762e+001
  1.9478757e+002
  1.6052697e+002
 -3.0820132e+002
  1.1612468e+002
 -5.1637637e+001
 -1.3255585e+002
  2.5468673e+002
 -2.9213507e+002
  2.8150178e+002
 -7.7529336e+001
 -1.7791208e+002
  3.8209703e+002
 -2.9028764e+002
  4.5885779e+001
  1.3470637e+002
 -1.8681375e+002
  2.1850829e+002
 -3.6389457e+002
  1.4116088e+002
  2.2032077e+002
  8.2568131e+001
 -5.8916660e+002
  6.4798782e+002
 -2.8335531e+002
 -3.5742800e+001
 -1.6875419e+001
  1.5364053e+002
 -4.9924792e+002
  7.5453313e+002
 -5.1900528e+002
  1.8022625e+002
  1.1992677e+002
 -1.3016783e+002
 -2.4067286e+002
  3.1851479e+002
  7.8828848e+001
 -2.3700285e+002
  5.8309661e+001
 -5.2596384e+001
  3.6522222e+001
  2.7964887e+001
  4.8240937e+000
  5.8452526e+001
 -1.8509102e+002
  3.5076238e+002
 -4.8842798e+002
  3.8729797e+002
 -1.9541538e+002
  2.2075622e+002
 -1.0034363e+002
 -1.6741987e+002
  1.2280267e+002
 -6.7490119e+000
  2.6769976e+001
 -6.8064862e+001
  5.8589723e+001
  9.8120032e+001
 -5.9677205e+001
 -2.1755951e+002
  1.8878848e+002
 -5.4634340e+001
  2.0693708e+002
 -2.5211772e+002
 -1.3768831e+000
 -2.7390124e+001
  3.3101077e+002
 -3.4665971e+002
  1.1075889e+002
  1.9184845e+000
  1.0453880e+002
 -9.7367697e+001
 -2.4679043e+001
 -3.1558820e+001
  1.7532585e+001
 -1.0494847e+002
  4.7111592e+002
 -5.6046769e+002
  2.2662350e+002
  1.0756760e+002
 -2.6001208e+001
 -1.2972679e+002
  5.2763844e+001
 -8.1333007e+001
  1.1172855e+002
 -7.2311867e+001
  1.1380084e+002
 -1.3101043e+002
  1.2093581e+002
 -2.3105510e+002
  3.9347092e+002
 -3.5240527e+002
 -8.5258680e+000
  3.9116721e+002
 -3.1202574e+002
 -4.6092332e+000
  1.2345978e+002
 -1.3831800e+002
  1.3631588e+002
 -1.5508663e+002
  2.3806850e+002
 -5.4210326e+000
 -3.6150468e+002
  3.2827038e+002
 -1.3931516e+002
 -1.6144969e+001
  2.8339647e+002
 -3.7177638e+002
  5.6005943e+001
  3.4253884e+002
 -3.6085961e+002
  7.6932198e+001
 -2.9552550e+000
 -7.3886345e+001
  2.8203682e+002
 -2.8617218e+002
  3.9105287e+001
  8.2456225e+001
  2.2004351e+001
 -8.0622604e+001
 -4.7668619e+001
  2.2145757e+002
 -2.6441853e+002
  1.1831238e+002
  2.2072479e+002
 -2.1174522e+002
 -8.1999649e+001
  2.1154080e+002
 -4.0099397e+001
 -2.5404838e+002
  1.5740916e+002
  3.6047334e+001
  8.2976656e+001
 -1.5478829e+002
 -7.7040054e+001
  2.0353705e+002
 -4.2384830e+001
  9.0690485e-001
 -5.2977935e+001
 -1.6501168e+001
  1.0421281e+001
  1.1499921e+002
 -6.3464651e+001
 -1.1972733e+002
  8.2138819e+001
  2.2237279e+001
  4.6938503e+001
  3.5857120e+001
 -2.2711368e+002
  3.9633165e+001
  7.6859650e+000
  2.0078056e+002
 -9.9342309e+001
 -2.7531050e+001
  4.3225596e+001
  5.1089311e+001
 -1.0046731e+002
  6.6532215e+001
 -1.3820123e+002
  5.9858567e+001
 -2.9585525e+001
  1.7097454e+002
 -6.2115002e+001
 -1.6472458e+002
  2.7337380e+002
 -1.9286737e+002
  8.5701305e+001
 -1.9988111e+002
  1.2455019e+002
  1.4405403e+002
 -1.8899893e+002
 -1.0040546e+001
  1.1607713e+002
  8.8376797e+000
 -7.6308870e+001
  5.1502595e+001
  7.9131358e+001
 -2.6027649e+002
  1.3566156e+002
  7.1063347e+001
 -5.5566960e+001
  4.8634392e+000
  8.6508554e+000
  6.6942148e+001
 -1.4805048e+002
  6.7829160e+001
 -7.0798992e+001
  3.5458057e+002
 -2.8828836e+002
 -1.8250656e+002
  1.5248598e+002
  1.1604916e+002
  6.3160659e+001
 -1.9141098e+002
 -8.6769127e+001
  1.2201713e+002
  6.6680415e+001
  1.4913231e+002
 -3.6773525e+002
  3.8730989e+002
 -4.0903968e+002
  2.2491921e+002
 -1.0996112e+002
  1.5819716e+002
  2.4524665e+000
 -1.4718342e+002
  4.9643628e+001
  1.3945881e+002
 -2.8500473e+002
  2.6819405e+002
 -2.8581963e+002
  2.3484342e+002
  3.2511115e+001
 -3.2732710e+001
 -3.9629193e+000
 -2.8230677e+002
  1.9214594e+002
  1.3214940e+002
 -1.6777706e+001
 -1.7237447e+002
  1.3321872e+002
 -5.7480387e+001
 -1.1096783e+002
  3.0315682e+002
 -2.0110857e+002
  1.4476101e+002
 -1.5605085e+002
 -1.1691671e+002
  2.9809285e+002
 -2.4391321e+001
 -3.3219671e+002
  2.1383398e+002
  6.4631816e+000
 -3.2992883e+001
  1.6209086e+002
 -2.2589279e+002
  1.4655972e+002
 -1.1658526e+002
  1.7972740e+002
 -2.2000191e+002
  1.4465461e+002
 -2.3555640e+002
  3.7716173e+002
 -2.3246466e+002
  4.4682071e+001
  8.9892448e+001
 -2.3744195e+002
  2.2037140e+002
 -1.2509299e+002
  2.0870102e+002
 -1.4051477e+002
 -1.3321640e+002
  1.0790922e+002
  1.8840731e+001
 -3.8844517e+001
  1.1418695e+002
 -6.4834053e+001
  6.8338137e+001
 -1.8654888e+002
  5.9461607e+001
 -1.9775541e+001
  2.3969519e+002
 -2.8575085e+002
  8.4576134e+001
 -8.4407026e+000
  1.4208172e+002
 -2.4559971e+001
 -1.4423609e+002
  9.2610305e+001
 -1.0274874e+002
  2.1495635e+002
 -2.3315815e+002
  8.1478891e+001
 -1.1613106e+002
  1.0256315e+002
  5.9691749e+001
  6.5553575e+001
 -1.1225905e+002
  1.0832393e+002
 -3.7394932e+002
  5.5596412e+002
 -5.2325177e+002
  4.1613177e+002
 -2.8376678e+002
  1.3245130e+002
 -1.1701600e+002
  3.6150899e+001
  2.0314682e+002
 -2.9015213e+002
  3.8970350e+002
 -2.5409950e+002
 -1.7205387e+002
  1.8792854e+002
  2.5823271e+001
  1.2642388e+002
 -3.7777815e+002
  1.7568804e+002
  1.3601459e+002
 -6.6331669e+001
  4.9344561e+001
 -1.5224898e+002
 -3.8232520e+001
  1.9688684e+002
 -7.6007618e+001
 -6.0370735e+001
  1.7093341e+002
 -1.5281726e+002
  1.1071224e+002
 -4.5516332e+001
 -1.4175040e+002
 -3.5752286e-001
  2.2595600e+002
 -2.3263078e+002
  2.7215684e+002
 -2.2043281e+002
  1.2240849e+002
 -1.6392253e+002
  9.6213143e+001
  1.1012464e+002
 -7.0809765e+001
  1.5465085e+002
 -3.0893672e+002
 -8.4025121e+001
  1.0605293e+002
  2.4663665e+002
 -1.0968261e+002
 -7.8051149e+001
  2.4154407e+002
 -4.3991779e+002
  3.2107047e+002
  1.3820962e+001
 -1.6713697e+002
  6.9864121e+001
  2.1727844e+000
 -7.3411424e+001
  1.5076526e+002
 -7.3528617e+001
 -1.1991271e+002
  4.5261380e+002
 -5.7144729e+002
  4.0241239e+002
 -3.1261625e+002
  2.8001910e+001
  4.1264186e+002
 -4.5379974e+002
  2.4100529e+002
 -2.2326795e+002
  1.8975997e+002
  9.0625539e+001
 -2.9919803e+002
  1.4544310e+002
  1.7404577e+002
 -1.8894962e+002
 -1.4608774e+002
  3.3471890e+002
 -2.6802089e+002
  5.6772270e+001
  1.0423610e+002
 -9.1928853e+001
  2.0815028e+002
 -2.8595716e+002
  6.3375467e+001
  8.8454385e+001
 -9.1088096e+001
  3.7444778e+002
 -5.3895818e+002
  2.7866403e+002
 -5.9364965e+001
 -7.8415435e+001
  1.8604595e+002
 -1.5791375e+002
  1.8986188e+002
 -2.2962461e+002
  5.9150541e+001
  8.3140694e+001
 -3.3665252e+000
 -1.7383146e+002
  7.6209790e+001
  1.5299332e+002
  4.8662463e+001
 -2.5650967e+002
  1.1974884e+002
  2.0726266e+002
 -4.1936984e+002
  1.1834610e+002
  7.5290084e+001
  2.5150507e+002
 -4.0030905e+002
  5.7865365e+001
  2.2802105e+002
 -2.4807228e+002
  2.7222352e+002
 -3.3196712e+002
  1.3587566e+002
  9.4647148e+001
  3.5925153e+001
 -1.0054262e+002
  6.5276959e+001
 -7.1173043e+001
 -7.7379137e+001
  1.4339573e+002
 -5.4453745e+001
 -5.8171027e+001
  8.9440151e+001
  6.2630209e+000
 -9.9428707e+001
  1.5024677e+002
  3.9552421e+001
 -2.2863673e+002
 -6.9700655e+001
  3.6469226e+002
 -1.0284532e+002
 -2.0765406e+002
  1.7975960e+002
 -1.7299083e+002
  8.2961470e+001
  1.4803308e+002
 -2.1207537e+002
  2.1539753e+002
 -1.0331678e+002
  6.9439742e+001
 -1.7313426e+002
 -7.9279286e+001
  2.6874467e+002
 -1.7456116e+001
 -8.7553069e+001
 -7.4697407e+000
 -1.0940337e+002
  1.9741205e+002
 -9.2310243e+001
  1.7559074e+001
  2.2949167e+001
  1.1268856e+002
 -4.0680204e+002
  5.3361305e+002
 -1.6968088e+002
 -2.8941091e+002
  8.9682929e+001
  1.7265100e+002
 -4.6758852e+001
 -3.0438488e+001
 -3.9196675e+001
  4.7945831e+001
 -3.3887480e+001
  1.7254656e+002
 -1.2032447e+002
 -1.7617239e+002
  2.6045131e+002
 -6.6620915e+001
  5.5073107e+000
 -5.0219474e+001
 -4.8855457e+001
 -2.6557299e+001
  2.3431604e+002
 -3.8426964e+002
  2.3739934e+002
  1.8666104e+001
  8.0782171e+001
 -5.4292217e+001
 -1.8004500e+002
  2.2434149e+002
 -1.1526879e+002
 -4.7194467e+001
  3.2533980e+002
 -5.1750910e+002
  4.1209926e+002
 -4.0428111e+001
 -2.3844826e+002
  1.8823042e+002
 -6.2435593e+001
  1.1658895e+001
 -1.4884452e+002
  2.6280258e+002
 -1.3707884e+002
 -4.8884813e+001
  2.0016082e+002
 -3.3838648e+002
  5.1928293e+002
 -5.1843346e+002
  2.2080406e+002
 -1.3695171e+002
  1.4451621e+002
 -4.4022898e+001
  1.1556884e+002
 -3.1018491e+002
  4.2010176e+002
 -2.5112582e+002
  1.0546029e+002
 -2.3932195e+002
  3.7628639e+002
 -1.5649712e+002
 -1.4296104e+002
 -1.1287143e+002
  4.2037766e+002
 -1.6408098e+002
 -1.1175807e+002
  4.8804830e+001
  6.5814922e+001
 -1.1608030e+002
  2.5111214e+002
 -1.9058079e+002
  2.0039217e+002
 -5.1622018e+002
  2.0249793e+002
  2.2986663e+002
 -9.7253616e+001
 -7.5200032e+001
  1.7112525e+002
 -8.2110007e+001
 -1.0263803e+002
  3.7573676e+001
  1.0617155e+001
  2.2513001e+002
 -2.7273364e+002
  2.2556043e+002
 -2.9829090e+002
  2.0186738e+002
 -1.5757800e+002
  1.0394600e+002
 -4.4626859e+001
  1.4133928e+001
  1.9560002e+001
  3.2484454e+002
 -4.9303670e+002
  2.9984546e+002
 -2.9862402e+002
  3.0052418e+002
 -1.1681089e+002
 -9.0979818e+000
  3.6794620e+001
 -7.9746929e+001
 -8.1838284e+001
  1.5955553e+002
  2.9401798e+001
 -2.5710342e+001
  2.2350836e+002
 -4.7777359e+002
  1.3394310e+002
  8.2109472e+001
  1.5216897e+001
  1.1325319e+002
 -2.0981415e+002
  1.4340744e+002
 -2.2925470e+002
  1.5504986e+002
  6.2488796e+001
  4.6496808e+001
 -1.6091271e+002
  2.0613915e+002
 -3.4130107e+002
  2.6057426e+002
  4.7839825e+001
 -1.9485239e+002
  1.5400781e+002
 -1.2345612e+002
  1.7720193e+002
 -2.0076311e+002
  1.6727918e+002
 -2.3819107e+001
 -1.1717687e+002
  4.0326252e+001
 -9.3954717e+001
  2.7547043e+002
 -3.1583773e+002
  2.9032150e+002
 -3.1527571e+002
  2.6348734e+002
 -6.5917517e+001
  7.4396232e+001
 -1.0002458e+002
 -7.7235142e+001
 -5.1657148e+001
  2.4210062e+002
 -1.2248982e+001
 -2.6635730e+002
  2.5928224e+002
 -1.7629420e+002
  2.1480240e+002
 -1.9406720e+002
  2.0976628e+002
 -1.9449639e+002
 -8.5082148e+001
  1.5078744e+002
 -7.4262828e+001
  1.2141925e+002
 -3.2446239e+001
 -7.8526627e+001
  4.2930429e+001
 -2.3581134e+001
 -1.1043909e+001
  1.1457852e+002
  7.9633656e+000
  2.3996157e+001
 -1.6449604e+002
  7.3615890e+001
 -3.7268881e+001
 -1.5908200e+002
  3.9513992e+002
 -3.5535080e+002
  3.3500736e+002
 -2.9846735e+002
  8.6042530e+001
  6.2519972e+001
 -1.8427403e+002
  2.6162919e+002
 -2.6133862e+002
  3.1137321e+002
 -1.2336433e+002
 -2.0764350e+002
  4.4727029e+001
  1.6490765e+002
 -2.6058812e+001
  1.4785317e+001
 -1.3099317e+002
  1.2031167e+002
  1.2384777e+002
 -1.9200147e+002
  1.3312344e+002
 -1.5724369e+002
 -1.9637030e+001
  1.1895232e+002
  9.3465205e+001
 -3.3079358e+002
  2.2484362e+002
 -3.7423359e+001
  9.2311562e+001
 -1.3548954e+002
  9.9652357e+001
 -4.4356466e+001
  5.8452213e+001
 -2.7334348e+001
  6.2147620e+001
 -2.0061972e+002
  1.5823770e+002
 -3.9617529e+001
 -4.0631379e+001
 -3.6233165e+001
  2.2919599e+002
 -2.9864660e+002
  1.8363657e+002
  8.1734928e+001
 -6.1796704e+001
 -3.6356600e+002
  4.1795087e+002
 -2.1793400e+002
  1.3304329e+002
  3.9736213e+001
 -1.9702150e+002
  1.2270947e+002
  5.8966992e+001
 -1.3368916e+002
  1.2952579e+002
 -8.7054423e+001
  2.0232381e+002
 -3.6966052e+002
  4.5214180e+002
 -3.6411840e+002
  1.3204704e+001
  1.9444409e+002
 -1.7879726e+002
  7.3655733e+001
  1.1671087e+002
 -2.3426461e+002
  1.7275598e+002
 -2.6040117e+001
 -9.9436779e+001
  1.7870771e+002
 -2.4254640e+001
 -2.2016105e+002
  1.3336643e+002
  1.4871145e+002
 -3.3812058e+002
  4.3172378e+002
 -2.5301654e+002
 -1.0263493e+002
  3.6756156e+002
 -3.1672419e+002
 -9.6959419e+000
 -5.6050234e+001
  1.2076991e+002
  2.1790620e+002
 -2.1238300e+002
 -8.0482611e+001
  4.1701180e+001
 -9.1867445e+001
  3.4371915e+002
 -2.4163790e+002
  1.5278495e+002
 -5.9750437e+001
 -1.5085210e+002
  8.8289519e+001
  1.0773454e+002
 -2.7300175e+002
  1.5455615e+002
  1.1330308e+002
 -1.7848984e+002
  2.5874011e+002
 -9.7932078e+001
 -7.7292187e+001
 -1.4735355e+002
  2.1901276e+002
 -1.3828806e+002
  1.3775874e+001
  1.0509862e+002
 -5.3894510e+001
  2.1224195e+002
 -3.1076220e+002
  7.7637592e+001
 -1.3183407e+002
  2.7972338e+002
  3.6984504e+001
 -4.4609852e+002
  3.9042991e+002
 -5.9563995e+001
  1.9390617e+000
 -1.9657110e+002
  3.3572297e+002
 -4.5598433e+002
  4.8414828e+002
 -1.4115914e+002
 -3.6279739e+001
 -1.2741532e+002
  6.0467071e+001
  7.0857657e+001
 -8.7339428e+000
 -1.4433379e+002
  2.3457525e+002
 -2.1389055e+002
  1.4233983e+002
 -1.2916097e+002
  2.7719753e+002
 -4.2191687e+002
  4.0357927e+002
 -1.9387252e+002
 -1.5121075e+002
  1.0253720e+002
  2.5621655e+002
 -2.4847979e+002
  1.8297359e+002
 -8.8857857e+001
 -2.8672307e+002
  2.8689507e+002
  3.2334037e+001
 -2.6669326e+001
  2.1872708e+001
 -1.2619905e+002
 -1.2289605e+002
  3.3891740e+002
 -2.2756339e+002
  1.1492491e+002
  8.5859663e+001
 -9.4041662e+001
 -2.8134478e+002
  3.2100575e+002
 -3.0942817e+002
  5.0329869e+002
 -3.3954378e+002
  1.1676768e+002
  2.6276150e+001
 -5.5883192e+001
  1.9581588e+000
 -1.9802213e+002
  3.2120451e+002
 -1.0342515e+002
 -1.0796638e+002
  1.1599239e+002
 -9.5396064e+001
  2.0771522e+002
 -2.1697606e+002
 -5.2742429e+001
  1.8706682e+002
 -8.5979206e+001
 -2.1220884e+002
  2.7349094e+002
  8.4490322e+001
 -4.6508599e+001
 -1.1109060e+002
 -2.5975091e+002
  4.9229014e+002
 -2.4525576e+002
  5.7085649e+001
 -1.2014104e+002
  2.6881398e+002
 -1.7240463e+002
  9.6731174e+001
 -1.1706497e+002
 -1.3787586e+002
  1.9254445e+002
 -1.0880492e+002
  1.9161277e+002
 -2.0152709e+002
  6.0339704e+001
 -7.9462704e+001
  2.8574090e+002
 -1.7104238e+002
 -3.3159009e+001
  2.5583263e+001
  2.0733040e+001
 -2.0540971e+002
  2.3982929e+002
  1.0079902e+002
 -2.7775826e+002
  8.2922305e+001
  2.3249065e+002
 -1.8199747e+002
 -7.7652151e+001
  1.3331168e+001
  6.1315474e+001
  1.0150816e+001
 -4.6857899e+001
  1.2994893e+002
 -1.0938170e+002
 -1.0333726e+002
  1.5843214e+002
 -2.9224111e+001
  9.6954519e+001
 -2.8835128e+002
  1.5647011e+002
  1.7425959e+002
 -2.6525650e+002
  9.0742909e+001
 -5.9426891e+001
  2.1389005e+002
 -1.4753431e+002
  2.4599150e+001
  7.0972568e+001
 -2.5171085e+002
  1.4258026e+002
  1.2224146e+002
 -8.6186519e+001
  6.7879732e+000
 -1.0824090e+002
 -2.5588978e+001
  4.6207054e+002
 -3.9812122e+002
 -2.4635640e+002
  4.5286449e+002
 -2.1564041e+002
 -5.2968171e+001
  8.0021714e+001
  1.6471912e+002
 -1.8960603e+002
  9.8059967e+001
 -6.7394547e+001
  1.0102204e+002
  2.6655542e+001
 -2.8764679e+002
  1.8026607e+002
  9.7281072e+001
 -7.6942900e+001
  6.4561026e+001
 -1.6135117e+002
  8.7465896e+001
 -2.5366300e+001
 -1.6185780e+002
  2.9705829e+002
 -4.7839817e+001
 -1.3041148e+002
  6.3056428e+001
 -7.8598593e+001
  1.0452223e+002
 -3.8108372e+001
  8.5982708e+001
 -9.2225121e+001
 -4.4561034e+001
  1.4949644e+002
  6.0982542e+001
 -3.0253606e+002
  2.5439228e+002
 -1.7707860e+002
  1.1390481e+002
 -1.7560546e+001
 -1.8236851e+002
  2.9900585e+002
 -1.6985512e+002
  2.7725666e+001
  1.4120530e+002
 -3.6712011e+002
  3.4996708e+002
 -2.0251931e+002
  1.3219870e+002
 -1.2420904e+002
  2.4435007e+002
 -7.9451636e+001
 -1.9534172e+002
  1.1883210e+002
  4.0432979e+001
 -2.6259883e+002
  2.2854655e+002
 -7.8237822e+000
  2.2652632e+002
 -2.4321634e+002
 -2.8784683e+002
  4.2643564e+002
 -1.7154310e+002
  1.1720584e+002
  4.5616564e+001
 -2.7126429e+002
  1.6698792e+002
 -2.8305864e+002
  6.0729121e+002
 -4.1185006e+002
  1.2118495e+002
 -3.1657335e+002
  3.7794215e+002
  5.8499957e+001
 -3.0985536e+002
  2.8184582e+002
 -2.3076601e+002
 -2.1439805e+002
  5.4192006e+002
 -1.1426394e+002
 -2.4409698e+002
  1.9873020e+002
 -4.9888875e+001
 -3.9455925e+001
 -8.5509620e+001
  3.4368054e+001
  1.3479550e+002
  3.3753395e+001
 -1.5669345e+002
 -1.7970132e+002
  4.4407645e+002
 -2.3494983e+002
 -1.3540809e+002
  3.8447099e+002
 -4.1312969e+002
  2.8404070e+002
 -7.6232231e+001
 -1.7711543e+002
  2.2470393e+002
 -9.0552997e+001
  1.6354168e+001
  1.1307783e+001
  8.5388988e+001
 -6.8548502e+001
 -1.7790589e+002
  2.4595652e+002
 -2.9430884e+002
  3.7502207e+002
 -2.3685704e+002
 -7.3664123e+001
  3.0613816e+002
 -2.0794916e+002
  8.5163007e+001
 -2.0349923e+002
  2.6827417e+002
 -1.9538640e+002
  2.1769313e+002
 -2.3612298e+001
 -2.5385428e+002
  3.0788003e+001
  1.5024480e+002
  4.7843709e+001
 -1.0732324e+002
  1.0298727e+002
 -2.2943488e+002
  2.8176650e+002
 -2.3783793e+002
  2.3349155e+002
 -2.4032038e+002
 -2.4588365e+001
  2.6395131e+002
 -1.5607517e+002
  8.6698911e+001
  2.7791619e+001
 -3.1670804e+002
  2.0944389e+002
  1.2070480e+002
 -1.0554883e+002
  8.4859902e+000
  1.4891737e+002
 -2.9024844e+002
  8.2922587e+001
  2.2879381e+002
 -3.8394410e+002
  3.8460518e+002
 -2.4463644e+002
  1.3713558e+002
 -1.1661985e+002
 -6.7635856e+001
  2.8275610e+002
 -2.8612722e+002
  1.7502092e+002
 -9.2985309e+001
  9.3711871e+001
 -2.0317909e+002
  1.1863808e+002
  1.5827201e+002
  4.8114168e+001
 -3.5654676e+002
  6.0310884e+001
  2.2635833e+002
 -6.2042526e+001
 -7.0011100e+001
  2.8327832e+002
 -5.0816780e+002
  2.7022295e+002
 -2.8515481e+001
 -2.2609275e+001
  1.4771121e+002
 -1.0020234e+002
 -2.1308633e+002
  3.0987610e+002
 -1.3342945e+002
 -8.8739107e+001
  1.9890356e+002
 -1.8314910e+002
  1.3276237e+002
  7.0496250e+000
 -6.5661435e+001
  9.5581661e+001
 -2.2242128e+002
  1.0827893e+002
  6.4181004e+001
  1.0128910e-001
  6.7552134e+001
 -1.0370393e+001
 -1.8764970e+002
 -5.5348160e+001
  2.1278659e+002
  3.8556263e+001
 -4.5915452e+001
 -4.0795761e+001
 -2.0028051e+001
 -4.5379174e+001
  7.0266468e+001
  2.5551546e+001
 -1.1251436e+001
 -1.1900140e+002
  6.7240593e+001
  6.0179564e+001
  1.1428225e+002
 -1.6638177e+002
 -1.6693064e+002
  2.5363258e+002
 -1.8064824e+000
 -3.8280625e+002
  4.3088891e+002
 -7.4089937e+001
  1.5812282e+001
 -4.6310822e+001
 -2.1207118e+002
  4.7147286e+002
 -4.2825907e+002
  1.8499652e+002
 -3.5123303e+001
  6.9875094e+001
 -2.3151904e+002
  2.3249824e+002
  1.7122977e+002
 -3.9905662e+002
  1.4092842e+002
  9.1206682e+001
 -9.9894897e+001
 -6.7566848e+001
  1.9641312e+002
 -2.2872459e+002
  3.6526192e+002
 -2.7246906e+002
  2.1991245e+001
 -4.8389164e+001
  7.1168681e+001
 -5.2471160e+001
  7.7000428e+001
 -4.8329459e+000
 -5.8772334e+001
 -2.3771700e+001
  1.0452537e+002
  1.7196794e+002
 -2.8618319e+002
  1.6169567e+002
 -4.3551622e+002
  5.3968987e+002
 -2.2114729e+002
  1.7418831e+002
 -2.4091888e+002
 -6.4647798e+001
  3.3505406e+002
 -4.3398501e+002
  5.4224594e+002
 -3.1096669e+002
 -1.2771801e+002
  3.2405459e+002
 -8.9171194e+001
 -3.5111905e+002
  4.1763006e+002
 -2.1400891e+002
  6.0399799e+001
 -1.5282910e+002
  2.5131453e+002
 -8.8347319e+001
 -1.9940173e+001
  2.1162101e+002
 -3.2875881e+002
  6.7927704e+001
  1.0023762e+002
 -1.0561812e+001
 -1.0212308e+002
  3.0951694e+002
 -2.7416360e+002
 -1.2885756e+002
  3.0488798e+002
 -2.4190001e+002
  9.3346012e+001
 -3.7553354e+000
 -4.1883379e+001
  7.4486898e+001
 -8.4280151e+001
  1.5172953e+002
 -1.9784178e+002
  1.3548839e+002
  2.9900923e+001
 -2.0793894e+002
  3.3619554e+002
 -2.3501708e+002
  8.6869266e+001
 -1.4155480e+002
  3.4179885e+002
 -2.6941456e+002
 -1.6949863e+001
  3.6288625e+001
  2.0907951e+001
  2.2639566e+001
  4.9589267e+000
  2.8121118e+001
 -5.1693201e+001
 -2.2366963e+002
  4.7196595e+002
 -4.7163045e+002
  2.3577276e+002
 -5.6662574e+001
  1.7274731e+002
 -2.5474453e+002
  1.3813339e+002
 -9.3905286e+001
  2.0083720e+002
 -3.4843405e+002
  2.9103320e+002
  8.5222255e+000
 -6.4698321e+001
  7.3179844e+001
 -2.2635236e+002
  1.4443521e+002
 -3.2964954e+001
  1.0523877e+002
 -1.6058875e+002
  2.1845600e+002
 -4.9979647e+001
 -1.3381864e+002
 -1.7527211e+002
  2.9777004e+002
  9.5273963e+001
 -2.5895034e+002
  3.7128597e+001
  1.0651075e+002
 -2.1917941e+002
  3.1002169e+002
 -1.2094719e+002
 -2.5801983e+000
 -3.2094279e+001
 -1.8314717e+001
  2.0162098e+002
 -4.3283112e+002
  3.5239973e+002
 -2.5455625e+002
  2.0759714e+002
  1.6008695e+002
 -3.5969126e+002
  3.0039818e+002
 -1.4885113e+002
 -5.7794303e+001
  1.5963657e+002
 -1.2792699e+002
 -8.6380092e+001
  2.4456901e+002
 -1.0308781e+002
 -2.9503501e+002
  3.0227015e+002
 -4.2303854e+001
  6.2795564e+001
 -5.6361671e-001
 -1.7806051e+002
  9.2946421e+001
  2.2713294e+002
 -4.2353337e+002
  5.5858773e+002
 -3.3651844e+002
 -8.4098844e+001
  8.4598836e+001
 -8.6885288e+001
  7.3804954e+001
  1.4611511e+002
 -2.7618148e+002
  1.7106095e+002
  1.7009629e+002
 -3.7483397e+002
  1.3811515e+002
  2.3158742e+002
 -2.2881043e+002
 -9.7464387e+001
  3.1425377e+001
  3.3464114e+002
 -2.2916169e+002
 -7.4408032e+001
  1.4671093e+002
 -1.6299265e+001
 -1.9043921e+001
  2.0214019e+000
 -3.5312263e+002
  4.4663072e+002
 -1.2190312e+002
 -1.0700380e+001
  1.0346217e+002
 -2.2033330e+002
  5.9958279e+001
  3.1126739e+002
 -4.3020786e+002
  1.9551584e+002
 -2.9790080e+001
  4.0061765e+001
 -6.4322583e+001
  1.7079359e+002
 -2.7772826e+002
  1.7059011e+002
  2.2137131e+001
 -1.2495612e+002
  1.6680447e+002
 -9.6165764e+001
 -7.7933483e+001
  1.6233645e+002
  2.0577711e+001
 -9.4858073e+001
 -7.7943561e+001
 -1.6472727e+002
  1.9867672e+002
  2.5003473e+002
 -7.7891527e+001
 -2.7264923e+002
  7.8031710e+001
 -1.0745724e+002
  2.4411755e+002
  1.1470264e+002
 -1.1857450e+002
 -1.3429885e+002
  1.2020347e+002
 -2.7754674e+002
  3.7684957e+002
 -1.7852744e+002
  8.4243637e+001
 -1.9956772e+002
  2.7874327e+002
 -2.8902759e+002
  3.0167051e+002
 -2.6825873e+002
  1.8229347e+002
 -1.7764137e+002
  2.4078167e+002
 -1.3182330e+002
  2.5672821e+001
 -1.0325872e+002
  1.1118462e+002
 -2.8083059e+001
 -1.3818569e+002
  1.0070027e+002
  1.7938521e+002
 -3.4957841e+002
  2.9758023e+002
 -1.7414654e+002
  3.2382692e+002
 -2.8941955e+002
 -8.4077468e+001
  1.5267325e+002
 -8.4874975e+001
  1.5089368e+002
 -9.1868206e+001
  6.3048955e+001
 -4.0402718e+001
 -1.2737532e+002
  1.4758134e+002
 -2.0857339e+001
 -6.8095471e+001
  1.6023504e+002
 -8.9083291e+001
 -1.7225785e+002
  1.8282018e+002
  1.4931773e+002
 -2.7324998e+002
  2.0288476e+002
 -3.5258642e+002
  2.5945021e+002
  8.5690885e+000
 -5.7682178e+001
  1.3273469e+002
 -1.2009196e+002
 -2.9800565e+001
 -4.4635403e+001
  1.3802195e+002
  7.4349244e+000
 -1.5926897e+002
  2.0965390e+002
 -5.5462284e+001
 -1.8300775e+002
  1.8696271e+002
  7.3765576e+001
 -1.2698301e+002
 -3.1747835e+001
 -1.1413981e+002
  1.7309611e+002
  2.2001223e+001
 -2.7863528e+001
 -5.4188784e+001
 -7.0435890e+001
  1.5687369e+002
  6.2068978e+001
 -1.4671208e+002
 -3.2913500e+001
  1.4601944e+002
 -2.1621232e+002
  2.0356682e+002
 -1.6603043e+002
  2.4650449e+002
 -1.3470018e+002
 -2.2976807e+002
  5.3447537e+002
 -3.9302420e+002
 -6.8306545e+001
  1.0021017e+002
  2.6251805e+002
 -3.9876333e+002
  1.7882551e+002
 -4.8101886e+001
  9.6726768e+001
 -1.2531062e+001
  6.7116158e+001
 -2.9299637e+002
  2.3914654e+002
  9.8573204e+001
 -2.8929023e+002
  2.6403387e+002
 -7.1227275e+001
 -1.3153818e+002
  3.5622532e+001
 -5.7935324e+001
  2.2683879e+002
 -1.5600463e+002
  1.0282872e+001
  1.5600515e+002
 -2.1359073e+002
  8.1300218e+001
  3.1490888e+001
  7.3947511e+000
 -4.9756169e+001
 -6.1195179e+001
  9.6803361e+001
 -2.1699623e+002
  3.8330930e+002
 -2.6070677e+002
  1.0201077e+002
 -2.1116547e+002
  1.8794908e+002
  1.6660485e+002
 -2.9376286e+002
  2.3671390e+002
 -2.6168383e+002
  2.7835709e+001
  3.3660037e+002
 -1.8641314e+002
 -1.7225276e-001
 -2.4831834e+002
  2.6101832e+002
 -7.5580034e+001
  1.2084268e+002
 -3.6336744e+001
 -8.7758561e+001
  3.0660287e+001
  2.1186785e+001
 -1.0428730e+002
  1.0679021e+002
 -1.5029709e+002
  2.6641513e+002
 -2.5853661e+002
  2.7782056e+002
 -4.2392055e+002
  4.1867253e+002
 -1.3927463e+002
  1.6512340e+001
 -2.1975616e+001
 -1.6381960e+001
 -7.2612052e+000
 -1.3537818e+002
  2.1455310e+002
 -2.0358932e+001
  4.3754194e+001
 -2.8863133e+001
 -3.7608725e+002
  4.8934990e+002
 -1.7570202e+002
  8.9289821e+001
 -2.4472962e+002
  2.9172302e+002
 -2.9588417e+002
  4.5026614e+002
 -5.3865427e+002
  2.6964673e+002
 -4.9605352e+001
  1.0270514e+002
  1.1219696e+002
 -3.1590073e+002
 -1.9951980e+002
  4.8390307e+002
  3.9743686e+000
 -2.7364563e+002
  1.1631481e+002
  2.6072703e+002
 -4.5411917e+002
  3.4481270e+002
 -4.3824224e+002
  3.0409052e+002
 -6.7024318e+001
 -2.0376844e+000
  2.2560615e+002
 -1.2104725e+002
 -1.2799468e+002
  8.0387565e+001
  2.7781036e+001
 -3.3224286e+001
  7.3847537e+001
 -1.7041997e+002
  2.2015086e+002
 -2.6912995e+002
  1.1246401e+002
  2.7074593e+001
 -1.5898401e+001
  5.3579538e+001
 -6.4505026e+001
  1.1132031e+002
 -4.6666389e+001
 -1.9225163e+002
  4.4883531e+002
 -3.5527282e+002
  3.7787088e+001
 -9.5885074e+001
  2.9860919e+002
 -2.9335392e+002
  6.9557095e+001
  1.2358328e+002
 -1.6506511e+002
  9.3717521e+001
 -1.6005914e+002
  4.9591737e+002
 -4.1720516e+002
 -5.7529913e+001
  2.3645526e+002
 -9.1565243e+001
  3.0917717e+001
 -2.0779813e+002
  2.0261983e+002
 -4.4300280e+001
  6.9319186e+001
  1.1767016e+002
 -5.2792608e+002
  6.1153623e+002
 -3.8273571e+002
  2.8650620e+001
  2.2154079e+002
 -1.0519510e+002
 -9.7835930e+001
  1.6851723e+002
 -6.0375689e+001
  1.0040697e+002
 -3.1437131e+002
  1.4760616e+002
 -8.9290113e+001
  1.9462374e+002
 -1.0409239e+002
  1.4333268e+002
 -2.5612595e+002
  1.8573809e+002
  7.1673093e+001
 -1.5296163e+002
  1.7803709e+002
 -1.9128458e+002
 -5.6437307e+001
  2.1369924e+002
 -1.5892410e+002
 -7.3822764e+001
  3.0026763e+002
 -2.2405308e+002
  1.3811133e+002
 -2.4798169e+002
  1.7783041e+002
  1.6792154e+002
 -2.4097576e+002
  2.9681774e+001
  2.1468772e+002
 -3.1040173e+002
  8.0232528e+001
 -7.6746272e+001
  1.8925875e+002
  1.1629656e+001
 -1.5958047e+002
 -1.1384347e+001
  1.6783680e+002
  2.8034848e+001
 -4.9294839e+002
  6.3328877e+002
 -3.6017941e+002
  8.3062707e+000
  2.3453828e+002
 -7.9348125e+000
  5.1972194e+001
 -2.1896764e+002
 -4.9570145e+001
  4.0184369e+001
 -9.4468012e+001
  9.7773882e+001
  1.8929084e+002
  5.1232972e+001
 -2.8306998e+002
 -1.2299101e+002
  4.1483497e+002
 -1.8969790e+002
  7.4606179e+001
 -2.0102309e+002
  1.9783713e+002
 -1.6669012e+002
  2.4686455e+001
  6.4092537e+000
  2.1560148e+002
 -3.8080477e+002
  2.7969767e+002
  1.7908200e+002
 -4.6190455e+002
  3.3004637e+002
  2.0338749e+001
 -3.2134185e+002
  2.2426372e+002
  3.3473741e+000
  1.1399253e+001
  6.2204948e+001
 -4.1689375e+002
  4.1067698e+002
 -1.3589779e+002
  1.4464397e+002
 -2.7768598e+001
 -2.2324151e+002
  3.7273914e+002
 -3.9408024e+002
  2.6985463e+002
 -1.7286240e+002
  1.0417594e+001
  3.2966405e+001
  1.3867834e+002
 -1.1967875e+002
  2.0332144e+002
 -2.9125631e+002
 -2.2394032e+002
  4.6979087e+002
 -1.7084974e+002
  1.8097315e+002
 -2.4017059e+002
  2.2137858e+002
 -1.8154507e+002
  3.1809488e+001
  3.8679415e+001
 -7.8983291e+001
  3.2750099e+001
 -2.7739992e+001
 -1.3992456e+002
  1.1132624e+002
  3.1869257e+002
 -3.4631238e+002
  1.3781845e+002
  4.9808882e+001
 -1.0437117e+002
  9.0361281e+001
 -3.2323289e+002
  3.2756612e+002
 -1.7998528e+002
  2.6208824e+002
 -1.9369898e+002
 -5.3452269e+001
  1.3323311e+002
 -1.7962633e+002
  3.3674612e+002
 -4.1710643e+002
  3.7340460e+002
 -1.7938746e+002
  4.4112053e+001
 -1.9339578e+001
 -2.0674796e+002
  4.2065604e+002
 -4.0836475e+002
  3.1365627e+002
 -1.3362948e+002
 -1.2898953e+001
  3.9034575e+001
  9.2369206e+001
 -1.4135940e+002
 -9.8895104e+001
  1.9208978e+002
 -1.0543280e+002
 -2.5483960e+000
  9.1153722e+001
  4.9989383e+000
 -8.3495322e+001
 -9.7827070e+001
  1.9053726e+002
 -7.2900390e+001
  2.3939748e+000
  4.5326853e+000
  1.5876040e+002
 -4.4552618e+002
  5.2769024e+002
 -2.5373623e+002
  1.5570091e+002
 -3.6967560e+002
  2.7719571e+002
 -1.1833793e+001
 -7.2074951e+001
  1.5964079e+001
  6.7451454e+001
  2.1286710e+002
 -4.7443406e+002
  2.2151515e+002
 -5.8973751e+001
  1.1952357e+002
 -1.0556494e+002
  4.4069306e+001
  1.9967095e+001
 -1.0020610e+002
  1.2866674e+002
 -1.2356981e+002
  2.0240752e+002
 -3.2677807e+002
  4.1344355e+002
 -2.6856775e+002
  1.5724308e+002
 -1.8160822e+002
 -9.6154930e+001
  2.4157738e+002
  5.7019853e+001
 -2.5833703e+002
  2.4020047e+002
  1.4740468e+001
 -2.6441964e+002
 -8.6085523e+001
  3.8460234e+002
  3.7992414e+001
 -4.3706417e+002
  1.2893402e+002
  2.9058917e+002
 -1.6917816e+002
 -7.7292904e+001
  1.9612025e+002
 -2.3050085e+002
 -9.8798651e+001
  5.0765456e+002
 -3.9214084e+002
  5.4566961e+001
  2.8054353e+001
 -3.5871965e+001
  1.3551004e+002
 -4.8706023e+001
 -1.0944296e+002
  2.2865611e+002
 -3.2094598e+002
 -6.5618465e+001
  4.6885963e+002
 -3.3335899e+002
  7.0418287e+001
  2.2910554e+001
  1.9631869e+001
  3.5571148e+001
 -1.5559416e+002
  1.0051613e+002
 -2.7277377e+000
 -4.7255258e+001
  1.1096670e+002
  2.0511526e+001
 -1.2904909e+002
 -9.4887485e+001
  1.0235830e+002
  1.8083528e+002
 -8.6754969e+001
 -9.2147571e+001
 -1.5618398e+002
  1.9279336e+002
  3.5663891e+000
 -2.8940935e+001
  1.0832282e+002
 -1.0831857e+002
 -3.4186808e+001
  3.2608322e+001
 -1.3000873e+002
  4.6904648e+002
 -4.1851553e+002
  6.8186907e+001
  1.7555765e+002
 -1.1579303e+002
 -1.8004383e+002
  2.2939503e+002
 -1.4355299e+002
  1.5135951e+002
 -1.6512706e+002
  5.9953062e+001
  2.2985937e+002
 -4.8332508e+002
  5.2479876e+002
 -4.6038564e+002
  2.2850281e+002
 -4.0491630e+001
 -9.8841336e+001
  3.9780363e+002
 -3.5763617e+002
  8.4755712e+001
 -2.1811057e+002
  2.3257514e+002
  3.4127044e+001
  1.5131412e+002
 -3.0689017e+002
  1.0048236e+001
  1.0580264e+002
  7.5738097e+001
 -2.8853574e+002
  3.8739953e+002
 -2.7842043e+002
 -5.9292623e+001
  1.7153743e+002
  1.5206654e+002
 -2.6319102e+002
  2.2052650e+000
  3.2522822e+002
 -4.1541240e+002
  9.2358949e+001
  1.6085579e+002
 -9.9277826e+001
  1.3390314e+002
  4.5637701e+000
 -1.6845200e+002
 -1.5697400e+002
  3.4287558e+002
 -2.0400485e+002
  2.3740752e+002
 -9.8884874e+001
 -4.4165570e+001
 -2.3812674e+002
  4.3304589e+002
 -5.4488719e+002
  3.5049586e+002
  5.0769051e+001
 -1.4265468e+002
  1.6913879e+002
  5.1405755e+001
 -3.0718401e+002
  2.0202089e+002
 -2.2292544e+002
  2.5548963e+002
 -8.7737609e+001
  7.6249085e+001
 -2.3944543e+001
 -1.5138003e+002
  1.6912815e+002
 -2.2777635e+002
  3.2078531e+002
 -1.1895155e+002
 -8.9793054e+001
 -6.4652376e+001
  2.6349430e+002
 -1.8941989e+002
  1.6564099e+002
 -2.6645366e+002
  1.8806367e+002
 -3.9245008e+001
 -5.8909747e+001
  6.3510391e+001
 -7.8501472e+000
 -2.7157303e+002
  4.4402537e+002
 -2.3257629e+002
  5.9507271e+001
  1.7251447e+002
 -1.5671157e+002
  8.7803451e+001
 -1.6759252e+002
  3.8048013e-001
  4.4286451e+001
 -2.0005653e+001
  5.2610749e+001
  1.0504448e+002
 -1.9743892e+002
 -1.0773191e+002
  3.6712895e+002
 -1.2685595e+002
 -1.1511191e+002
  6.7339634e+000
  1.1776904e+002
 -6.1271892e+001
 -1.1055314e+001
 -1.3011411e+002
  1.6883589e+002
  1.1163805e+002
 -1.4324575e+002
  8.9762637e+001
 -3.4713956e+002
  3.6871141e+002
 -9.8863873e+001
 -4.9973933e+001
  1.7084027e+002
 -1.6698867e+002
 -6.5318139e+001
  1.4472738e+002
  1.1061075e+002
 -2.7146248e+002
  2.2276158e+001
  2.0696594e+001
  1.6078557e+002
 -9.3389937e+001
  6.1288940e+001
 -1.1822668e+002
  3.2146827e+001
  1.5979539e+002
 -3.0574230e+002
  4.1987647e+002
 -3.8930723e+002
  1.6194065e+002
 -1.8558987e+002
  3.4514666e+002
 -4.9496069e+002
  6.3384783e+002
 -2.7524985e+002
 -3.1389029e+002
  4.8521687e+002
 -1.8981727e+002
 -5.7545573e+001
  1.3942933e+002
 -6.2066953e+001
 -1.1456535e+002
  9.0719987e+000
 -3.2225183e+001
  9.0215716e+001
  7.2001092e+001
 -1.3024861e+002
 -6.3770591e+001
  3.0585601e+002
 -2.0567537e+002
  1.4206614e+002
 -2.4906657e+002
  3.4467488e+002
 -2.8126221e+002
  1.1928817e+002
 -7.4614194e+001
 -2.0273917e+002
  4.2770842e+002
 -1.7797420e+002
 -1.5156044e+002
  2.5325029e+002
 -1.7899086e+002
  3.6460625e+001
  1.4885040e+002
 -1.7415209e+002
 -1.5903114e+002
  3.6614741e+002
 -2.3041986e+002
  3.6242313e+001
  9.6304966e+001
 -2.2301327e+001
 -1.4516324e+002
  3.3383032e+002
 -4.5212511e+002
  5.2185082e+002
 -3.7513605e+002
  4.9362521e-001
  4.4594550e+001
  1.7045373e+002
 -3.5695900e+002
  2.9444297e+002
  1.5081218e+001
 -8.3524826e+001
 -2.9411967e+001
  9.5661335e+000
 -5.2854320e+001
  5.7567157e+001
  5.4587324e+001
 -9.3326750e+001
  9.6138722e+001
 -1.2531525e+002
 -4.9425249e+001
  1.8599283e+002
  5.2621475e+001
 -1.6482418e+002
  7.7657829e+001
 -3.4027115e+000
 -3.4423457e+001
 -1.1842576e+002
  2.7835083e+002
 -2.1612511e+002
  2.8014640e+001
  1.8739001e+002
 -1.0622995e+002
 -2.4828668e+002
  2.4029221e+002
  4.8326869e+001
 -2.3327234e+002
  2.2367877e+002
 -8.0670712e+000
 -6.2348455e+001
  2.4441710e+000
  4.7944854e+001
 -3.9866777e+002
  7.9687740e+002
 -6.8141065e+002
  2.5392912e+002
  9.2003446e+001
 -2.1867132e+002
  5.4177193e+001
 -9.0792140e+000
  1.3988779e+002
 -1.2475177e+002
 -6.3275777e+001
  2.7346566e+002
 -1.2604933e+002
  3.5356726e+001
 -2.8275950e+002
  3.2808950e+002
 -2.9678631e+002
  2.9608391e+002
 -1.0320049e+002
  2.0021291e+001
 -4.2998848e+001
  7.1641771e+001
 -2.3519608e+002
  2.5983478e+002
 -1.8743693e+002
  3.0548285e+002
 -3.9342369e+002
  2.9687071e+002
 -5.4886623e+001
 -1.7837577e+002
  4.3172733e+001
  3.9181044e+001
  1.9395557e+001
  1.6328692e+002
 -9.2896355e+001
 -4.1196306e+002
  6.8245132e+002
 -3.0885804e+002
 -1.2016018e+002
  2.4568480e+002
 -1.7620970e+002
  1.1409140e+002
 -1.9682300e+002
  2.0277633e+002
 -2.1957493e+002
  1.5429916e+002
  6.3582522e+001
 -1.1177339e+002
  4.7000593e+001
 -8.3382274e+001
  1.4064438e+002
 -1.5741727e+002
  1.8395080e+002
 -2.2962284e+002
  1.9658819e+002
  1.0155173e+002
 -3.7037775e+002
  1.3347053e+002
  3.9127968e+001
  1.2167385e+002
 -2.0523010e+002
  1.8293210e+002
 -1.9764432e+002
  2.9216319e+002
 -1.8443817e+002
  2.3116608e+001
 -1.4842816e+001
 -1.3668438e+001
  3.6103918e+000
  2.0509099e+002
 -1.5653869e+002
 -2.6360472e+002
  2.6922315e+002
  1.2944866e+002
 -2.3419507e+002
 -9.8772641e+001
  4.3997902e+002
 -4.0294320e+002
  2.8699417e+002
 -2.9352005e+002
  1.2773724e+002
  5.6013213e+001
 -1.4487236e+002
  1.9775408e+002
 -2.1554885e+002
  1.2688371e+002
  1.1498427e+002
 -1.7126539e+002
  5.2604365e+001
 -7.2361398e+001
  4.3020451e+001
  6.5328225e+001
  2.8314618e+001
  1.3227291e+001
 -4.6429853e+001
 -2.4954799e+002
  1.3356771e+002
  2.3531655e+002
 -1.2446554e+002
 -1.2060581e+002
  3.2483588e+002
 -3.6218737e+002
  2.8336074e+002
 -3.7349264e+002
  2.5341034e+002
 -6.2651497e+001
  9.4712280e+001
  6.0908617e+001
 -3.8514517e+002
  4.0420570e+002
 -2.2257489e+002
  5.5831037e+000
  1.0313639e+002
  9.1563735e+001
 -1.7640118e+002
  4.6936199e+001
 -1.0431627e+002
  8.1845505e+001
  2.3702829e+002
 -2.1479225e+002
 -9.8683005e+001
  1.1470870e+002
 -3.0019218e+001
  1.3025355e+002
 -8.6007819e+001
 -1.3924086e+002
 -4.8265217e+000
  1.7219607e+002
  1.3224496e+001
 -4.3699035e+001
  4.2497783e+001
 -2.4764092e+002
  1.8549325e+002
  8.7535046e+001
 -1.4126005e+002
  5.9981832e+001
 -6.9052042e+001
 -5.2562675e+000
  3.6910970e+002
 -4.3550455e+002
  1.1001693e+002
  1.2759055e+002
 -1.9577529e+002
 -1.0429238e+001
  2.3986167e+002
 -2.0489462e+001
 -2.1755829e+002
 -2.0107668e+001
  2.1138771e+002
 -2.4748786e+002
  2.8841366e+002
 -2.0586329e+002
  1.4503708e+002
 -1.8438368e+002
  3.1382704e+002
 -4.9795744e+002
  4.6118573e+002
 -1.7415693e+002
  1.2268670e+002
 -2.4320422e+002
  1.3392748e+002
  9.5594692e+001
 -2.6336953e+002
  3.4754856e+001
  2.0067656e+002
  3.8652672e+001
 -1.6810893e+002
  8.6481182e+001
 -4.9313242e+001
  2.4124753e+002
 -3.2672914e+002
  4.8114653e+001
 -2.6500448e+001
  1.0652307e+002
  1.7713037e+001
  1.4253018e+002
 -2.5042866e+002
 -1.8187748e+002
  3.5567798e+002
 -9.7014512e+001
  2.1020273e+001
 -3.2246569e+002
  6.1267445e+002
 -3.7070947e+002
 -1.2150682e+001
 -9.6182184e+000
  2.0092744e+002
 -2.2882819e+002
  9.5913849e+001
  6.8258324e+001
  7.5453608e+001
 -3.3116358e+002
  2.5269337e+002
 -1.9250390e+002
  3.4409245e+002
 -2.8932929e+002
  1.1975546e+002
  7.4848993e+001
 -1.9061316e+002
  1.5217798e+002
 -4.0828317e+002
  4.5711855e+002
 -1.6218756e+002
  6.7558374e+001
 -1.1726316e+002
  4.6531342e+001
  2.0747701e+002
 -1.2218290e+002
 -2.3541514e+002
  8.3311468e+001
  3.2324032e+002
 -1.7280139e+002
 -1.4624981e+002
  2.1216830e+002
 -1.2899953e+002
 -1.1557219e+002
  2.1064761e+002
 -1.4720210e+002
  1.5916066e+002
 -1.8979147e+002
  1.1931526e+002
 -3.7438251e+001
 -4.3048093e+001
  8.5780491e+001
  1.8908875e+002
 -5.1760639e+002
  5.7620121e+002
 -2.2821411e+002
 -2.9033505e+002
  3.9945635e+002
 -5.6015291e+001
 -2.6564957e+002
 -2.5487366e+000
  2.5319739e+002
 -6.6461564e+001
  1.3956687e+002
 -1.8133772e+002
 -1.3126792e+002
  1.1878878e+002
  5.5222511e+001
  3.0818599e+001
  9.1202101e+001
 -2.1606669e+002
 -5.1991934e+001
  1.1079489e+002
  1.0657219e+002
 -6.4521325e+001
 -4.7179675e+001
  9.4467048e+001
 -1.9253053e+002
  1.7566488e+002
 -7.8385412e+001
  7.7477657e+001
 -9.7413689e+001
  1.2591603e+002
 -2.8366429e+002
  3.6897985e+002
 -2.5761730e+002
  3.2622743e+002
 -5.0180344e+002
  3.8588944e+002
 -2.1045682e+002
  1.8224044e+002
 -1.9312932e+002
  2.0825181e+002
 -1.1815773e+002
  5.7119747e+001
  1.0463451e-001
 -2.2067791e+002
  1.1168998e+002
  1.4610709e+002
 -1.1977082e+001
 -2.9435871e+001
 -5.8920512e+001
 -2.3170641e+002
  3.9753164e+002
 -4.4845331e+001
 -1.0238116e+002
 -3.7045477e+001
 -1.3633792e+001
 -1.5399284e+002
  3.7948050e+002
 -6.2705362e+001
 -1.6215098e+002
  6.9867380e+001
 -2.3258389e+002
  1.4936070e+002
  1.0241789e+002
  1.2745309e+002
 -3.0951426e+002
  2.5263203e+002
 -1.0527345e+002
  7.7882074e+001
 -1.6077909e+002
  1.2289781e+002
 -9.6862214e+001
  8.5384504e+001
 -6.3270846e+001
  1.3854082e+002
 -3.0076545e+002
  3.5133155e+002
 -3.0678216e+002
  2.3071993e+002
 -6.6143971e+001
  7.0269284e+001
 -2.2888001e+002
  2.9730875e+001
  4.0975127e+001
  1.7006653e+002
  5.9895598e+001
 -2.5627086e+002
 -2.3497223e+001
  1.7144967e+002
  4.7172294e+001
 -1.7690380e+002
  1.6102312e+001
  1.7514143e+002
 -8.2591704e+001
 -2.7448291e+001
 -1.2329665e+002
  1.2030047e+002
  8.5717535e+001
  3.9712745e+000
 -2.3689358e+002
  1.7894756e+002
 -6.5026935e+001
 -8.8493809e+001
  2.1989301e+002
  1.3259148e+000
 -3.6747276e+002
  5.1794218e+002
 -2.6813833e+002
 -7.7202220e+001
  2.6504047e+002
 -3.0645863e+002
  1.5088559e+002
 -2.0386890e+002
  2.6051765e+002
  3.8936619e+000
  5.5871382e+001
 -2.7625601e+002
  2.2218390e+002
 -6.3325540e+001
  1.0390994e+002
 -8.0773818e+001
 -2.7416486e+002
  2.2675573e+002
  8.3223869e+001
 -1.6458088e+002
  1.1903826e+002
  1.2367567e+002
 -1.6650617e+002
 -2.0074443e+002
  2.7947172e+002
  4.9977050e+000
 -4.4457766e+000
 -1.8163995e+002
  1.1789359e+002
  1.8619284e+002
 -4.3734322e+002
  3.2885198e+002
 -1.0331644e+002
  1.7231073e+002
 -4.1322508e+002
  3.3803039e+002
  7.5860235e+001
 -2.0424812e+002
  9.2449174e+001
 -1.2908354e+002
  5.7455657e+001
  7.4155564e+001
 -4.8588988e+001
  3.7612086e+000
  1.4998325e+002
 -3.0481150e+002
  3.0200257e+002
 -2.7461470e+002
  2.8577527e+002
 -3.4897342e+002
  2.5704988e+002
 -9.4074920e+001
  1.6439357e+002
 -2.6169935e+002
  2.6793009e+002
 -1.7144708e+002
  2.4804954e+001
 -6.0679102e+001
  1.3235724e+000
  2.0398684e+002
 -1.3792403e+002
 -4.3527781e+001
  1.3370988e+002
 -2.7784452e+002
  2.2616428e+002
 -2.5814435e+001
  1.1556157e+002
 -2.5746267e+001
 -1.6453532e+002
 -5.0856000e+001
  2.1044114e+002
 -1.7989331e+002
  1.7292503e+002
 -1.6648300e+002
  1.1311750e+002
 -8.6587579e+001
  2.3597116e+002
 -4.5090645e+002
  4.0240910e+002
 -1.8769996e+002
 -7.9569413e+001
  2.9705981e+002
 -2.6680904e+002
  2.3328200e+002
 -2.5286641e+002
  1.7126441e+002
 -9.4078281e+000
 -1.4690175e+001
 -1.0108184e+002
  2.0816448e+002
 -1.3538029e+002
 -1.6732911e+002
  1.9841978e+002
 -2.0762656e+001
  7.7359965e+001
 -1.2135252e+002
  1.6740851e+002
 -1.4597131e+002
 -1.3945159e+002
  2.8675296e+002
 -2.4119469e+002
  2.5966254e+002
 -2.5098585e+002
  1.4346369e+002
 -1.7759278e+002
  1.8265191e+002
 -7.2435064e+001
  1.5022472e+002
 -1.2316486e+002
  2.4225521e+000
 -2.1421515e+002
  2.5019801e+002
 -4.7919695e+000
  5.0088600e+001
 -6.1796526e+001
 -2.1030071e+002
  2.2917219e+002
  9.8176922e+001
 -3.8804609e+002
  5.5063709e+002
 -4.9207890e+002
  1.5581128e+002
  7.7849613e+001
  5.3206881e+001
 -2.0888741e+002
  1.5057455e+002
 -7.8594840e+001
  8.3215698e+001
 -1.2029823e+002
  1.6485845e+002
 -1.9608305e+001
 -2.6870995e+002
  1.9171763e+002
  1.8293370e+001
  2.0575930e+002
 -4.0110957e+002
  3.1937645e+002
 -3.1341778e+002
  1.7238630e+002
 -1.4048124e+000
 -6.5635904e+001
  3.6172199e+002
 -4.5242081e+002
  5.5958062e+001
  2.4472693e+002
 -1.3799848e+002
  6.4658978e+001
 -2.2690609e+002
  2.3737479e+002
 -1.5998130e+002
  2.8512185e+002
 -2.1887916e+002
 -5.9931413e+001
  6.4595498e+001
  1.1562621e+002
 -2.2003280e+002
  1.7586954e+002
 -1.9643052e+002
  2.4740793e+002
 -1.2746309e+002
  1.2205712e+002
 -3.3994093e+001
 -1.1810251e+001
 -4.4525165e+002
  5.1422774e+002
 -2.0607288e+002
  2.2551603e+002
 -1.9753713e+001
 -1.6452075e+002
  4.1853928e+001
  1.0527183e+002
 -3.8543229e+002
  4.2281849e+002
 -2.5806178e+002
  1.2534997e+002
  5.8983207e+001
 -2.4573916e+002
  2.5890069e+002
  7.8860311e+001
 -2.9391417e+002
  9.4968022e+001
  1.0568923e+002
 -1.4623137e+002
 -8.9059482e+000
  1.5811451e+002
 -1.3321708e+002
 -1.3965022e+001
  9.6276290e+001
  9.4045875e+001
 -2.3169779e+002
  3.9739082e+002
 -4.2424243e+002
  8.8229395e+001
  7.8871503e+001
  2.8696366e+001
  1.0908902e+002
 -3.5571708e+002
  3.0677991e+002
 -1.7156521e+002
 -7.2945869e+001
  2.7994908e+002
 -3.0174991e+002
  2.9550981e+002
 -3.8674058e+002
  3.2330907e+002
  1.1267605e+002
 -3.5928816e+002
  2.9546033e+001
  5.7620050e+002
 -6.3344698e+002
  2.6438930e+002
 -2.1556989e+002
  9.6545805e+001
  1.0954704e+002
 -4.4445691e+001
 -4.5806939e+001
  1.5373006e+002
 -1.2962173e+002
 -1.5508451e+002
  2.7772118e+002
 -3.0083314e+002
  2.2747391e+002
  1.3213487e+002
 -2.9552346e+002
  8.7305595e+001
  7.9326872e+001
  2.2327480e+001
 -2.1557109e+002
 -3.8947229e+001
  4.5657546e+002
 -3.1229908e+002
 -5.7461070e+001
  2.8331637e+002
 -1.5055774e+002
 -1.2515108e+002
  2.9807821e+002
 -3.2645729e+002
  1.2320305e+002
 -1.7662565e+002
  3.0887889e+002
 -1.0224021e+002
 -6.9748826e+001
  3.8761289e+001
 -1.6324339e+002
  3.0164944e+002
 -8.6933554e+001
 -2.0746280e+002
  1.8135238e+002
 -6.1832185e+001
  1.5498464e+002
 -5.3896741e+001
 -2.1509266e+002
  1.7612037e+002
 -2.9593231e+001
  3.7720078e+001
 -1.1149230e+002
  9.7341394e+001
  1.3724062e+000
 -9.0463874e+000
  1.6923556e+002
 -5.1223936e+002
  3.6935896e+002
  3.1421155e+001
 -2.8529823e+002
  3.1002247e+002
  5.8736646e+001
 -6.2673494e+001
 -1.4034120e+002
  5.2571701e+001
 -1.5668873e+002
  1.8978701e+002
 -1.6327329e+002
  3.6160304e+002
 -3.7136472e+002
  1.4215513e+002
  4.6005988e+001
  2.0710992e+001
 -2.8012778e+002
  1.1607571e+002
  1.9146742e+002
 -8.3566221e+001
  1.4878865e+002
 -3.3069825e+002
  8.3196261e+001
  1.3560302e+002
  8.9650383e+000
 -2.5967931e+001
 -1.1719166e+002
  2.2112919e+002
 -1.0970582e+002
 -6.8284640e+000
 -1.5181306e+002
  1.7425349e+002
 -2.3205206e+002
  3.0587461e+002
 -2.1226174e+002
  3.6313362e+002
 -4.1741952e+002
  1.7297169e+002
 -1.8640816e+002
  1.8489518e+002
 -2.4157305e+002
  2.9534363e+002
 -3.5325093e+001
  1.2254006e+002
  3.6809685e+001
 -5.0122617e+002
  3.5444872e+002
 -3.9206643e+001
 -1.9633657e+002
  6.0117652e+002
 -6.5290181e+002
  3.6866328e+002
 -2.1210840e+002
 -7.8386536e+001
  9.7328173e+001
  1.6938379e+002
 -6.8496000e+001
 -2.6993841e+002
  3.2815302e+002
 -1.4739867e+002
  2.5536169e+001
 -4.5547746e+000
 -8.9355380e+001
  2.7297370e+002
 -1.5911837e+002
  2.6292964e+001
 -5.0683417e+001
  7.5478010e+001
 -5.7799872e+001
 -1.8533314e+001
  2.4628164e+002
 -5.3708662e+002
  3.5773427e+002
 -1.1143931e+001
 -8.0029807e+001
  1.6773568e+002
 -8.4942163e+001
 -1.7789781e+002
  9.1371196e+001
  1.0100815e+002
  2.6220087e+001
  3.1484596e+001
 -3.2878167e+002
  2.4920186e+002
 -9.9091462e+001
  1.4388242e+002
  6.5977302e+000
 -1.5837049e+002
  9.9205824e+001
  1.2543842e+002
 -2.3995072e+002
  1.1307530e+002
 -3.1442643e+001
 -1.1087617e+001
  8.0875938e+001
 -1.6474564e+002
  9.7925861e+001
  7.5006898e+001
 -6.8408321e+001
 -2.0224109e+002
  2.4446443e+002
  1.8139200e+002
 -3.7362799e+002
  2.4801992e+002
 -1.0587946e+002
  4.1813075e+001
  3.2624957e+001
 -3.0492765e+002
  5.1846412e+002
 -4.4103681e+002
  1.3078358e+002
  1.9955237e+002
 -3.9239307e+002
  2.8221755e+002
 -2.4512705e+001
 -3.9048336e+000
 -4.9519369e+001
 -6.4272117e+001
  3.0984555e+002
 -4.3571514e+002
  3.7912916e+002
 -2.8799613e+002
  9.6526507e+000
  1.1617113e+002
  1.6551962e+002
 -2.7982985e+002
  2.4889749e+002
 -2.4984507e+002
 -1.1726358e+001
  4.0026869e+002
 -6.0302061e+002
  4.1391449e+002
  9.2412281e+001
 -4.6158738e+002
  3.7936302e+002
 -1.2382175e+002
  7.6113745e+001
 -2.2586058e+001
 -1.3907371e+002
  3.1465039e+002
 -1.5696267e+002
 -1.8512537e+002
  1.2176335e+002
  9.8901726e+001
 -1.9526541e+002
  6.7899327e+001
  1.8417792e+001
 -7.2241816e+000
  1.6341462e+002
 -1.0572545e+002
 -5.6039136e+001
  5.3621600e+001
 -5.3926179e+001
 -6.9052665e+001
  1.9770932e+002
 -1.0682887e+002
  1.3464774e+002
 -1.7238236e+002
 -2.1191490e+002
  4.7325159e+002
 -5.5789681e+001
 -3.3958288e+002
  2.6680254e+002
 -1.3116085e+002
 -6.2929059e+001
  2.2295299e+001
  1.0440679e+002
  2.3786140e+002
 -5.6679032e+002
  6.1475080e+002
 -6.0839982e+002
  5.3645810e+002
 -2.9114904e+002
 -2.0532326e+002
  4.4772284e+002
 -2.9688967e+002
  2.5598471e+002
 -3.3848642e+002
  3.9160432e+002
 -1.4483547e+002
  1.0761377e+002
 -4.7032727e+002
  3.8492218e+002
 -7.6853111e+000
 -2.4119104e+002
  1.7266271e+002
  2.4455863e+002
 -3.0534795e+002
  1.5281139e+002
 -2.9242296e+002
  3.1125580e+002
 -1.6511369e+002
  1.2745570e+002
 -1.9515356e+002
  1.8500975e+002
 -7.3508195e+001
 -7.2245897e+001
  2.1725535e+002
  5.5047063e+001
 -4.7427874e+002
  3.2774126e+002
 -4.5887572e+001
  2.9952546e+000
 -2.4455008e+001
 -8.9499377e+000
  1.3444816e+002
 -2.8446256e+001
 -2.4794740e+002
  3.3120455e+002
 -1.1304129e+002
 -2.0221558e+002
  1.5247474e+002
  1.4106815e+002
 -2.7603641e+002
  2.1457748e+002
 -2.1273914e+002
  3.1069569e+002
 -1.6621680e+002
 -1.1914316e+001
 -1.8240157e+002
  4.3279929e+002
 -2.6373314e+002
 -2.7595007e+001
  3.4473247e+001
  1.5741660e+002
 -1.9283051e+002
  1.4749931e+002
 -1.7102535e+002
  1.7319282e+001
  9.3732398e+001
  1.0856621e+002
 -3.2076374e+002
  2.5881699e+002
 -9.7100693e+001
 -8.0300133e+001
  1.1625058e+002
 -3.3214014e+001
 -1.2247478e+001
  2.1797549e+001
  6.8806281e+001
 -2.1641606e+002
  6.7673777e+001
  3.7638052e+002
 -3.0202619e+002
 -8.6043068e+001
  2.6909086e+002
 -3.1857636e+002
  2.9468486e+002
 -2.7270124e+002
  1.5405933e+002
 -1.7492825e+002
  1.9944187e+002
 -1.2315003e+002
  2.4838142e+001
  2.8482947e+001
  2.0076219e+002
 -3.9975652e+002
  3.3707130e+002
 -2.6344100e+002
  1.5678715e+002
  1.1804157e+002
 -3.4181169e+002
  2.6539984e+002
  1.6241462e+001
 -1.3539207e+001
 -1.3076543e+002
 -5.1213130e+001
  3.3575711e+002
 -2.0588255e+002
 -1.2594918e+002
  1.0590565e+002
 -2.3167966e+001
  5.1885347e+001
  1.2142490e+002
 -4.2661361e+002
  4.1260595e+002
 -9.7363775e+001
 -4.1398039e+001
  7.5313543e+000
 -2.3624721e+001
  5.0802788e+001
  7.0250373e+001
 -6.2349010e+001
  2.9621513e+001
 -1.0770601e+002
  2.1416801e+001
 -1.8034602e+002
  2.6190208e+002
 -3.1327668e+001
 -8.6548287e+001
  1.0487180e+002
  7.1012532e+001
 -4.9881026e+001
 -2.2271681e+002
  7.1323270e+001
  3.7946713e+002
 -3.5153988e+002
  1.2107336e+002
 -1.4133220e+002
  1.0140104e+002
 -2.7044902e+002
  4.6110781e+002
 -1.9011720e+002
 -1.7163139e+002
  1.0826956e+002
  2.5549733e+002
 -2.6288883e+002
  4.0740275e+001
 -1.5875715e+001
 -3.1774312e+000
  3.3752295e+001
 -1.7936811e+001
 -1.6000109e+001
  3.8339831e+001
 -6.8587050e+000
 -7.3449113e+001
  1.8659018e+002
 -1.8591749e+002
  7.9045923e+001
  1.6207637e+002
 -3.6773558e+002
  2.7793115e+002
 -1.5502942e+002
  1.3174445e+002
 -2.0142500e+002
  3.1862636e+002
 -1.7045561e+002
 -4.4065031e+001
  2.1332612e+001
 -7.2122932e+001
  1.6035095e+002
  7.3502067e+001
 -4.2304434e+002
  4.1469265e+002
 -1.7054258e+002
  7.8692374e+001
 -1.2635137e+002
  1.4003148e+002
 -1.8436534e+001
 -5.9689357e+001
 -2.4489839e+002
  4.8825018e+002
 -1.9522734e+002
 -1.2285430e+001
 -1.1227876e+002
  1.6286387e+002
 -1.5219600e+002
  1.1211267e+002
  1.4109489e+001
  2.4708447e+001
 -2.2622786e+002
  1.7092965e+002
  8.0980859e+001
 -1.6330285e+001
 -3.3341669e+002
  2.9446351e+002
 -1.4866384e+001
  8.4181111e+001
 -2.3617594e+002
  1.4202833e+002
  7.2881406e+001
 -6.4641258e+001
  2.9605151e+001
 -5.3649615e+001
  7.7626627e+001
 -3.4973764e+002
  3.6286378e+002
 -4.5966600e+001
  1.4030826e+002
 -4.4626809e+002
  3.8934368e+002
 -1.6850400e+002
 -2.4526554e+001
  1.0045118e+002
 -9.8505533e+001
  3.3831931e+002
 -1.9228041e+002
 -2.3023720e+002
  5.9379015e+001
  2.0880818e+002
 -1.7462197e+002
  4.4337363e+001
 -7.6324259e+001
  1.9732616e+002
 -1.2913070e+002
 -1.7354910e+001
  1.2219190e+001
  1.4358137e+002
 -1.4478787e+002
  6.2944609e+001
  7.5887377e+000
 -2.1873241e+002
  2.2739857e+002
 -1.0952513e+002
  9.0581403e+001
 -1.7283194e+002
  3.5345720e+002
 -2.4912619e+002
 -1.1708425e+002
  1.8961470e+002
  2.6923880e+002
 -6.0156421e+002
  2.3723057e+002
  1.8445525e+002
 -8.7530730e+001
 -9.2437378e+001
  1.8492689e+002
 -2.7914794e+002
  3.1158215e+002
 -2.6464656e+002
  1.7940626e+001
  1.0634765e+002
  2.2777054e+002
 -4.4846908e+002
  2.3918592e+002
 -5.8902481e+001
 -3.7175899e+000
  6.5430665e+001
 -7.6940442e+001
  5.3090120e+001
 -3.5998786e+001
 -9.3995516e+001
  1.8430831e+002
 -2.4101113e+001
 -7.8787209e+001
 -5.7187922e+001
  8.2544419e+001
  1.7434469e+000
  6.8660597e+000
  8.5699658e+001
 -2.2444771e+002
  4.3643560e+002
 -4.8064609e+002
  1.2695475e+002
 -2.5609741e+001
  1.8257938e+002
 -1.1420779e+002
 -4.4429324e+001
 -4.8942619e+001
  3.0196438e+002
 -2.5356184e+002
  1.1285044e+001
  2.7955517e+001
  3.9516478e+001
 -6.8805311e+001
  2.1446081e+002
 -2.6809613e+002
  1.2482461e+002
 -1.5926977e+002
  1.9879636e+002
  6.2304562e+001
 -2.9323116e+002
  1.9993555e+002
 -7.3839093e+001
  1.3916951e+002
 -7.5328072e+001
 -1.7467992e+002
  2.0384457e+002
 -2.0547057e+001
  3.9139979e+001
 -1.0216997e+002
 -1.4316939e+002
  2.5569267e+002
 -5.8311475e+001
  5.1516108e+001
 -2.5015550e+002
  3.4701904e+002
 -3.0375764e+002
  2.0363324e+002
 -1.3427523e+002
  1.1221984e+002
  2.9307616e+001
 -1.3672371e+002
  6.4523948e+001
 -3.3768255e+002
  4.7771784e+002
  2.9765629e+000
 -3.6493933e+002
  1.8773663e+002
  2.2889517e+002
 -1.8035790e+002
  1.3071036e+002
 -3.5617453e+002
  2.2494671e+002
 -2.2630064e+002
  4.2459586e+002
 -3.7805993e+002
  3.8935151e+002
 -3.4579169e+002
  1.0952787e+002
 -5.9080529e+001
  8.9521227e+001
  1.2612889e+002
 -2.7713469e+002
  6.8533870e+001
  2.0294138e+002
 -1.8868667e+002
 -1.5062867e+002
  2.3826381e+002
 -9.8358128e+001
  2.0747203e+002
 -3.3772351e+001
 -2.8483644e+002
  1.6898181e+002
 -6.7526586e+001
 -2.2171839e+000
  9.0065077e+001
 -7.2718817e+001
  1.4530329e+002
 -9.2989401e+001
 -5.6725239e+001
  2.0093984e+001
  1.3775258e+002
 -2.1018046e+002
  2.4139323e+002
 -1.7280715e+002
 -2.7481036e+001
  8.2021441e+001
  2.0550016e+002
 -5.8090329e+002
  4.1211058e+002
 -4.5967943e+001
  5.4518958e+001
 -7.7370217e+001
  1.1482890e+002
 -2.2262721e+002
  9.5424832e+001
  2.3171047e+001
  1.1019358e+002
 -1.7163452e+002
  4.8208023e+001
  3.3138148e+001
  1.5255221e+002
 -4.0950258e+002
  2.5606875e+002
 -2.7608068e+001
  9.6116297e+001
 -2.0047508e+002
  2.1540409e+002
 -4.9501937e+001
 -5.7048331e+001
 -1.9334941e+002
  3.6795905e+002
 -1.5903481e+002
 -1.5326238e+002
  3.2436052e+002
 -2.6925175e+002
  8.7781135e+001
  4.5726447e+001
 -2.0529425e+002
  2.2909863e+002
 -1.2362794e+002
  1.9647307e+002
 -1.8514432e+002
 -7.0526112e+001
  3.2248049e+002
 -3.1832694e+002
  8.6568668e+001
 -2.9129952e+001
  6.6778006e+001
  1.1752813e+002
 -7.4695569e+001
 -2.5569861e+002
  2.7030443e+002
 -1.2678733e+002
 -3.0249499e+001
  1.8536984e+002
 -1.2268953e+002
 -6.9505154e+001
  1.1357245e+002
  1.4021021e+000
  1.0762361e+002
 -1.9301475e+002
  9.5285766e+001
 -1.2044782e+002
  5.5873614e+001
  2.1497164e+002
 -2.7885333e+002
  4.7145207e+001
  4.1531514e+001
  2.5950774e+001
  1.3927245e+002
 -2.8797350e+002
  3.2907958e+001
 -1.2398603e+001
  2.1646566e+002
  9.7169858e+001
 -3.8178745e+002
  1.1949361e+002
  9.8994942e+001
  9.1171403e+001
 -1.7178166e+002
 -4.2110074e+001
 -6.1544678e+000
  2.1107940e+002
 -1.3118869e+002
 -9.7226082e+001
  1.0338415e+002
  7.0437209e+001
  6.4707137e+001
 -1.9252881e+002
 -4.5567782e+001
  7.3612555e+001
  6.6936445e+001
  4.9590978e+001
 -1.4871851e+002
  2.0519459e+002
 -3.3980311e+002
  3.2113720e+002
 -3.3435310e+002
  4.0555111e+002
 -2.0304425e+002
  1.4406453e+001
 -2.2665838e+002
  3.5531006e+002
  4.4820489e+001
 -2.0382650e+002
 -1.9139595e+002
  2.8837358e+002
 -1.1022319e+002
  2.0071258e+002
 -2.0929679e+002
 -4.7068909e+001
  2.7840636e+002
 -3.4546166e+002
  1.1930833e+002
  1.6730885e+002
 -1.8641915e+002
 -7.5331515e+001
  1.0773914e+002
  2.4994423e+002
 -3.5216610e+002
  1.4946963e+002
  8.9951068e+001
 -2.9349470e+002
  3.1285081e+002
 -2.3287777e+002
  2.6876935e+002
 -2.7619942e+002
  4.6172127e+001
  8.2052981e+001
  6.9429320e+001
 -1.8090673e+002
  2.0787972e+002
 -8.1961466e+001
 -1.6149688e+002
  9.0860299e+001
  6.6260438e+001
  9.5554508e+001
 -2.6428301e+002
  1.8002749e+002
 -2.8846667e+001
  1.7309869e+001
 -3.1216611e+001
 -1.1016468e+002
  2.5134132e+002
 -1.1912740e+002
 -1.0258291e+002
  5.3630240e+001
  9.1337068e+001
 -2.2035849e+002
  2.2063403e+002
 -8.5389383e+001
  2.6699811e+001
  1.2265045e+002
  9.8729459e+001
 -5.8556062e+002
  5.1954338e+002
 -3.7916293e+002
  3.7065617e+002
 -2.4435885e+001
 -1.0866551e+002
 -8.5558859e+001
  3.1722080e+001
 -2.1447928e+001
  1.8697418e+002
 -3.3781290e+002
  2.5446873e+002
  7.1309745e+001
  3.4639774e+001
 -3.3221839e+002
  1.5095330e+002
 -1.8874451e+001
  1.6873624e+002
 -9.6751213e+001
 -1.5544312e+002
  1.1405907e+002
  1.3975706e+002
 -2.0375943e+002
  1.3559064e+002
 -7.3615408e+001
  2.4255472e+001
  8.1901607e+001
 -8.2387961e+001
 -1.0137287e+002
  7.5479593e+001
  1.6832773e+002
 -3.1237171e+002
  2.9831474e+002
 -3.1303686e+002
  3.0660979e+002
 -9.4835126e+001
 -1.6566607e+002
  2.3767422e+002
 -1.2410468e+002
  1.9146943e+002
 -2.0558793e+002
 -1.3665313e+002
  2.8196857e+002
 -2.0113859e+002
  7.4156772e+001
  2.1995922e+002
 -4.3192264e+002
  2.4147518e+002
  8.3560304e+001
 -2.1079892e+002
  2.9228611e+002
 -3.9885360e+002
  3.5667994e+002
  1.7139624e+001
 -1.9809611e+002
 -2.5317479e+001
 -1.7117043e+001
  2.2774507e+002
 -2.1398412e+002
 -2.8543926e+001
  2.2891500e+002
 -1.0707443e+002
 -1.9717570e+002
  3.2954588e+002
 -2.1509305e+002
  5.7721775e+001
  4.0649511e+000
  6.4291857e+001
 -5.5382305e+001
  3.6710470e+001
 -2.7689645e+002
  3.8921216e+002
 -5.8585218e+001
 -3.0583830e+002
  2.5873719e+002
  9.5112884e+001
 -9.2521131e+001
 -2.3562650e+002
  1.9499473e+002
 -5.5579935e+000
  2.0590061e+002
 -4.5557106e+002
  2.5031357e+002
 -7.0120268e+001
  1.4486973e+002
  1.9580195e+001
 -1.0019736e+002
  4.6702954e+001
 -3.1807156e+002
  4.5168129e+002
 -1.4829245e+002
  3.5732748e+001
 -3.2313078e+002
  2.8956708e+002
  1.0204995e+002
 -2.8268800e+002
  2.8356067e+002
 -1.4108078e+002
 -1.2348250e+001
  9.6438153e+001
 -1.1999613e+002
 -3.9982462e+001
  1.1113697e+002
 -4.2490917e+001
 -5.1732007e+001
  3.6627977e+001
  5.2561214e+001
  8.9837006e+001
 -2.7374559e+002
  1.7982698e+002
  7.6859648e+000
 -2.0463296e+002
  1.4207321e+002
  1.3278981e+002
  1.2839513e+002
 -3.7655962e+002
  1.0820090e+002
  4.4466149e+001
  8.2235010e+001
 -3.2055990e+002
  5.3383293e+002
 -3.5575038e+002
  1.2759359e+002
 -1.0814639e+002
  6.3729902e+000
  3.1309940e+001
 -1.2650323e+002
  2.1748830e+002
 -1.0685865e+002
  2.0910073e+001
 -1.3721935e+002
  1.5844847e+002
  1.6913877e+002
 -3.4254332e+002
  1.2129942e+002
  1.3773468e+002
 -5.7735552e+001
 -1.4822929e+002
  1.0075641e+002
 -2.2750732e+001
  1.6507531e+001
  2.5523481e+001
  8.5465009e+001
 -1.8959118e+002
  3.6731653e+001
  6.1326274e+001
  5.1203952e+001
 -1.8889831e+002
 -1.3957351e+002
  4.5318060e+002
 -8.6571544e+001
 -1.5489472e+002
 -6.0640441e+001
  1.2930218e+002
 -5.5281864e+001
 -7.5427824e+001
  3.9641845e+002
 -4.1496883e+002
  1.8753665e+002
 -8.8345694e+001
  5.3006544e+001
 -2.8647993e+001
 -8.3949115e+000
  1.6410914e+002
 -3.2004998e+002
  2.1792223e+002
 -1.5912253e+002
  9.9558199e+001
 -2.2534316e+001
  7.1286130e+001
 -2.1554677e+000
 -7.1452295e+001
  7.2489024e+001
 -1.4263373e+002
  4.9346666e+001
  2.2332020e+002
 -2.3094800e+002
  9.6996079e+001
 -6.4267159e+001
  3.3226809e+001
 -1.8175395e+002
  2.3730856e+002
  9.7569178e+001
 -3.4549508e+002
  2.4894030e+002
  7.2881212e+001
 -3.1869269e+002
  4.3962663e+002
 -4.3886274e+002
  4.3835409e+001
  4.1630189e+002
 -3.2828744e+002
  8.6440920e+001
 -1.6783962e+002
  3.0701373e+002
 -3.2025269e+002
  2.7005223e+002
 -2.6014150e+002
  1.3631219e+002
 -3.1419108e+001
  4.5316302e+001
  1.2376401e+002
 -3.1224188e+002
  1.4167890e+002
  1.0874172e+002
 -2.2834032e+002
  4.0494637e+002
 -5.0382475e+002
  3.8912381e+002
 -1.8620749e+001
 -2.2678607e+002
  1.5834881e+002
 -1.2332272e+002
 -3.9572107e+001
  2.5208424e+002
  4.6750095e+001
 -4.4917907e+002
  3.5013868e+002
 -1.4938409e+002
  8.5006967e+001
 -8.9617250e+001
  5.7724819e+001
  1.0211746e+002
 -1.2310856e+002
  2.4932280e+001
  9.7126623e+000
 -8.7595798e+001
  1.0800105e+002
  7.5317981e+001
 -1.3957348e+002
  2.4631190e+001
  6.8308296e+001
 -1.7553454e+002
  2.9590399e+002
 -2.8302679e+002
  1.8250746e+002
 -1.6571543e+002
  1.1904146e+002
  6.1594812e+001
 -2.0701623e+002
  1.7883916e+002
 -1.3064250e+002
  9.5624162e+000
  3.8957098e+001
  1.1058336e+002
 -9.9029979e+001
 -1.0025914e+001
  3.1309363e+001
 -1.3070724e+002
  2.4669814e+002
 -2.7862832e+002
  3.1309711e+002
 -1.4151965e+002
  7.6794348e+001
 -2.8228072e+002
  2.4690347e+002
 -1.1951462e+002
  1.7844192e+002
 -3.3952786e+002
  2.8637532e+002
 -2.7945586e+001
  2.8424059e+001
 -1.4171242e+002
  1.2492198e+002
 -1.8106142e+002
  3.5058532e+002
 -3.2722598e+002
 -2.6417608e+001
  7.1760342e+001
  2.3334877e+002
 -2.0030461e+002
  4.7651684e+001
  1.1171052e+002
 -1.8112871e+002
 -2.3389521e+001
  1.2566373e+002
 -1.0384000e+002
 -7.8457464e+000
  4.0110899e+001
  2.1311206e+002
 -2.7308755e+002
  6.0362146e+001
 -1.2781456e+002
  2.3352261e+002
  3.4013263e+001
 -1.5970334e+002
  4.8952103e+001
 -4.2413648e+001
 -8.8494412e+001
  1.8906127e+002
 -1.0488837e+001
 -1.6204137e+002
  1.0306336e+002
  2.6946746e+002
 -4.6351028e+002
 -2.7257410e+001
  3.8743255e+002
 -5.8019677e+001
 -1.5296717e+002
 -8.0171966e+001
  2.5196080e+002
 -2.1284073e+002
  1.5008122e+002
 -7.4435417e+001
  3.5258528e+001
 -2.1065493e+001
 -2.7214902e+001
 -5.3787444e+001
  5.5221143e+001
  1.7683227e+002
 -2.1227166e+002
  8.5188848e+001
  1.0733485e+001
 -2.5480496e+002
  3.4018122e+002
 -1.0176811e+002
 -2.1160620e+002
  3.4568191e+002
 -1.3011085e+002
 -9.8227567e+000
 -1.2673349e+001
  6.8399260e+001
 -1.9108868e+002
 -2.3550470e+001
  5.2658403e+002
 -6.9980023e+002
  3.3677798e+002
 -6.4274751e+001
  1.2595919e+002
 -6.7474394e+001
 -7.6546791e+001
  2.1202841e+002
  4.9001697e+001
 -4.8525303e+002
  3.4081945e+002
 -2.0511544e+002
  4.1205951e+002
 -3.1284959e+002
 -5.5117495e+001
  7.5101819e+001
 -1.6203213e+001
  7.9616964e+001
 -7.2690159e+001
  1.1592938e+002
 -6.9487477e+001
 -8.1769938e+001
  1.7444810e+002
  3.7482050e+001
 -4.7628767e+002
  4.2989569e+002
 -2.9901644e+001
 -4.0214238e+000
 -1.1236908e+002
 -1.1650627e+001
  5.6803806e+001
  1.5657519e+001
  1.7676172e+002
 -3.2301337e+002
  2.4186144e+002
 -8.7474530e+001
  9.0736144e+001
 -3.2528348e+002
  1.6434881e+002
  3.6595551e+002
 -4.0181969e+002
 -1.8355856e+002
  4.9084179e+002
 -3.6981219e+002
  3.2309201e+002
 -3.2825664e+002
  3.1850699e+002
 -2.6038437e+002
  2.4945752e+002
 -1.4508252e+002
 -1.8024740e+002
  2.7107784e+002
 -1.2292736e+002
 -4.4975015e+000
 -8.8971910e+001
  3.7349943e+002
 -1.9931584e+002
 -1.1643345e+002
 -1.1550385e+002
  3.9808549e+002
 -3.2468669e+002
  3.1932959e+001
 -4.2110212e+001
  2.9208381e+002
 -8.7737580e+001
 -1.6853054e+002
  9.0565062e+001
 -1.7004530e+002
  4.8218564e+002
 -5.9102677e+002
  2.7339879e+002
  2.8382263e+001
  3.6654429e+001
 -1.2948192e+002
  3.1767557e+002
 -3.6107514e+002
 -5.4555113e+001
  1.3974048e+002
  2.2580785e+002
 -3.6023577e+002
  2.7201879e+002
 -2.4430824e+001
 -3.8686655e+002
  4.7686689e+002
 -2.9261541e+002
  3.4699425e+002
 -4.1405084e+002
 -2.0933909e+000
  3.5765626e+002
 -2.7613270e+002
  2.6499860e+002
 -3.1455661e+002
  2.6467722e+002
 -2.1459680e+002
  1.7232183e+002
 -1.1913322e+002
  2.2249744e+001
  1.4536589e+002
 -2.0760164e+002
  1.4715036e+002
 -1.9853378e+002
  2.1091320e+002
 -9.4764264e+001
 -2.5576909e+001
  4.0753517e+001
  3.8538167e+001
 -6.4251187e+001
  1.6417263e+002
 -3.8811458e+002
  2.8462192e+002
 -9.9283412e+001
  4.3481765e+002
 -5.3424665e+002
  2.1786411e+002
 -1.2337378e+001
 -2.3626781e+002
  2.9752146e+002
  1.1307376e+002
 -4.6020965e+002
  4.0302240e+002
 -3.8564784e+002
  4.8354499e+002
 -3.9889582e+002
  1.8456158e+002
 -3.1810088e+001
 -7.8346989e+001
  2.0760782e+002
 -2.2846762e+002
 -7.8208751e+001
  2.8568250e+002
 -4.5247868e+000
 -1.2738483e+002
 -1.0580567e+002
  2.2631880e+002
 -2.5575528e+002
  2.2154563e+002
  2.3440047e+001
 -2.0726234e+002
  3.3491010e+002
 -4.7965978e+002
  4.1159833e+002
 -2.1560671e+002
  1.4547723e+002
 -1.5943539e+002
 -5.6776655e+001
  3.3318950e+002
 -2.6234761e+002
  1.5432641e+002
 -1.4772528e+002
  2.2039480e+001
  4.4090798e+001
 -1.1139060e+002
  9.5976428e+001
  3.7444339e+001
  5.7150246e+001
 -8.0309697e+001
 -1.5384493e+002
  3.4427038e+002
 -3.0465747e+002
  1.8035365e+002
 -2.0680586e+002
  1.8028841e+002
  4.3943996e+000
 -1.6779878e+002
  1.3122154e+002
  4.7752538e+001
  1.5034272e+002
 -3.4067192e+002
  1.6248793e+002
 -1.3727472e+002
  1.6016443e+002
  9.0300767e+001
 -3.3316774e+002
  2.8966757e+002
 -2.1887267e+002
  7.1961767e+001
 -9.8016616e+001
  4.1062009e+002
 -3.7884389e+002
 -2.8985062e+001
  2.7584693e+002
 -2.8430331e+002
  2.7188905e+002
 -3.7879471e+001
 -1.3191075e+002
 -1.0624844e+002
  2.8801304e+002
 -3.1049038e+002
  3.5735431e+002
 -2.0992104e+002
 -2.2480791e+001
 -1.6592624e+001
  3.6759119e+001
  1.7054392e+002
 -3.1447988e+002
  3.4420341e+002
 -3.2071216e+002
  2.9161451e+002
 -1.7749663e+002
  2.1619462e+002
 -3.9765756e+002
  2.5762440e+002
 -1.2683687e+002
  2.3955383e+001
  1.4530236e+002
 -2.2863492e+001
 -2.3452752e+002
  4.4917032e+002
 -3.7284494e+002
 -5.8186111e+001
  3.2304079e+002
 -3.1385710e+002
  2.9834441e+002
 -2.1384172e+002
  9.5125630e+001
 -2.8377657e+001
 -3.1270279e+001
 -8.5176992e+001
  3.3049098e+002
 -3.9769031e+002
  3.2354681e+002
 -2.4886530e+002
  8.1998960e+001
 -9.7535563e+001
  3.2516909e+002
 -2.8494784e+002
 -4.6367860e+001
  3.2986263e+002
 -1.5219777e+002
 -2.6695492e+002
  3.0252402e+002
 -2.8177870e+002
  4.3366316e+002
 -3.3705617e+002
  6.4793070e+001
  6.3385731e+001
 -1.9407585e+001
  6.9175686e+001
 -1.3169675e+002
 -6.3887966e+001
  7.7717159e+001
  1.2029644e+002
 -1.0489256e+002
  2.2945009e+000
 -1.1260987e+002
  3.6285674e+002
 -2.7770119e+002
  1.4534205e+002
 -1.2922743e+002
 -6.5808967e+001
  6.3211743e+001
  2.6181681e+001
  1.4179456e+001
  1.1631501e+002
 -2.6664104e+002
  2.4014308e+002
 -1.1584678e+002
  1.9249395e+002
 -2.8679838e+002
  1.8100527e+002
 -2.0505603e+002
  1.8673626e+002
 -9.5210840e+001
 -2.0869796e+001
  2.1231476e+002
 -3.3966167e+002
  1.7688865e+002
  1.1325451e+002
 -9.6786361e+001
 -4.0869645e+000
 -6.6658101e+001
  1.1552379e+002
  2.8554953e+001
 -7.1571548e+001
 -3.1411671e+001
  3.7534465e+001
 -2.4016146e+001
 -3.8530684e+001
  1.2066782e+002
 -1.9920454e+002
  2.3580406e+002
 -1.6507382e+002
  1.3175089e+002
 -1.6814683e+002
  2.7227576e+002
 -1.5355684e+002
 -9.3765173e+001
 -1.9438080e+002
  3.1931168e+002
  3.3458629e+001
 -4.4396104e+000
 -5.6317358e+001
 -4.5649714e+001
 -2.4314602e+001
 -6.7094982e+001
  1.8755976e+002
 -1.4433241e+002
  3.0176942e+002
 -1.4077712e+002
 -2.5961456e+002
  2.4610037e+002
 -2.1270295e+002
  2.7783129e+002
 -3.0641240e+002
  2.4581568e+002
 -1.5615448e+002
  1.1567284e+002
 -1.8215778e+002
  3.6279684e+002
 -2.9403497e+002
  1.7098353e+002
 -8.4961773e+001
 -2.8083138e+002
  4.1360883e+002
 -1.8521835e+002
  1.0014289e+002
 -1.4814075e+002
  1.2951694e+002
 -7.5060581e+001
  1.2578932e+002
 -1.4822218e+002
 -1.1125085e+002
  2.3147556e+002
 -1.7389258e+001
  4.4823389e+001
 -1.9418227e+002
  3.1061723e+002
 -4.9090003e+002
  3.9345186e+002
 -1.4267465e+002
 -1.5797719e+002
  3.2733008e+002
 -1.9071663e+002
  6.5133477e+001
  1.0439080e+002
 -1.4561331e+002
  1.6929441e+001
  4.6035321e+001
 -4.9056724e+001
  1.5881585e+002
 -3.2053519e+002
  1.9305144e+002
  1.1150530e+002
 -2.2496177e+002
  1.6257542e+002
 -2.0441431e+002
  2.4621337e+002
 -2.4173211e+002
  1.8314298e+002
 -1.1003394e+002
  3.8490010e+001
  1.8429725e+002
 -2.4838474e+002
  2.2092822e+002
 -2.1122250e+002
 -5.4690673e+000
  1.3274838e+002
 -1.8106202e+002
  3.1461690e+002
 -2.3694844e+002
 -1.4641226e+002
  2.6592056e+002
  1.7157341e+002
 -4.0565200e+002
  1.4986910e+002
  1.2949969e+002
 -3.9127925e+002
  5.1122569e+002
 -3.6507931e+002
  1.0907849e+002
  6.7166045e+001
 -1.4083371e+001
 -6.5550221e+001
  1.7612373e+002
 -1.4175625e+002
 -6.3370629e+001
  2.3884037e+002
 -3.4594393e+002
 -8.2927398e+001
  4.4213137e+002
 -1.8316451e+002
  3.8440310e+001
 -5.3071532e+001
  6.4378849e+001
 -2.4324388e+002
  3.4447015e+002
 -2.1787862e+002
  1.7046752e+002
 -1.1114437e+002
 -2.3277501e+001
  2.9654710e+001
  6.9412366e+001
 -2.0266385e+002
  2.5381529e+002
 -2.6362511e+002
  1.0182860e+002
  1.9292014e+001
 -9.6565094e-002
 -5.7427458e+001
  3.0754660e+002
 -2.3225441e+002
 -1.7910065e+002
  1.5542696e+002
  1.9152045e+002
 -1.4743416e+002
 -3.6162722e+001
  9.9590867e+001
 -2.3744737e+002
  1.1743320e+002
 -1.1169845e+002
  3.8899225e+002
 -2.5972880e+002
 -2.9259724e+001
  5.5875366e+001
 -1.8511606e+002
  3.5076433e+002
 -3.2409527e+002
  2.5402446e+002
 -1.5682969e+002
  2.7441845e+002
 -4.4740196e+002
  4.4365562e+002
 -4.1563870e+002
  4.2172870e+002
 -5.7422641e+002
  5.3547036e+002
 -1.4319610e+002
 -5.4631366e+000
 -5.7127778e+001
  1.5053429e+001
  6.4151059e+000
 -1.8994715e+001
  1.4334035e+002
 -1.8333146e+002
 -1.9735416e+001
  1.1481665e+002
  2.7958818e+000
 -1.3816387e+002
  8.1560863e+001
  1.2822043e+002
 -5.2106858e+001
 -2.4344912e+002
  3.0304783e+002
 -8.8116768e+001
 -2.4179279e+002
  2.7357791e+002
  1.1604888e+002
 -4.1524847e+002
  5.4359707e+002
 -5.1062137e+002
  1.6307733e+002
  1.5739707e+002
  5.3694462e+000
 -2.0943983e+002
  7.9205114e+001
 -9.9526299e+001
  1.6992357e+002
 -6.7595730e+001
 -7.8800517e+001
  2.2910634e+002
 -1.3044441e+002
 -6.2639361e+001
  1.4279721e+002
 -1.0977794e+002
 -6.9703197e+001
  1.3199245e+002
 -3.9228416e+001
 -5.0727231e+001
 -1.0595513e+002
  1.5264981e+002
  8.7420382e+001
 -8.8861093e+001
  8.5263366e+001
 -6.4763821e+001
 -5.4855058e+001
 -1.2815908e+002
  1.7557286e+002
 -4.9748276e+000
  9.9194812e+001
 -2.3181759e+002
  2.0777882e+002
  1.7949243e+001
 -3.0000331e+002
  3.5405841e+002
 -1.6572101e+002
  7.5355121e+000
 -1.5651830e+002
  3.7185712e+002
 -3.5288274e+002
  1.5019815e+002
 -5.7628223e+001
  5.4374941e+001
 -4.5885135e+001
  3.4487468e+001
  1.3191660e+002
 -2.6042202e+002
  2.1896361e+002
 -1.8783728e+002
  8.9706114e+001
  5.1337349e+001
  7.1185934e+001
 -1.6549111e+002
  7.0184992e+001
 -3.0119764e+001
  9.0324786e+001
 -1.4227538e+002
  7.3447562e+001
 -1.2974810e+002
  2.2302874e+002
  7.3548714e+001
 -2.5142686e+002
 -2.7632498e+001
  2.3211349e+002
 -2.0478166e+002
 -5.1628705e+001
  1.7327597e+002
  4.5058529e+001
 -1.9140867e+002
  2.2123991e+002
 -8.9933379e+001
 -1.7786186e+002
  1.2326374e+002
  2.8431808e+002
 -4.9721526e+002
  4.4198584e+002
 -3.7762010e+002
  5.9585315e+001
  2.4263126e+002
 -1.8547423e+002
  1.8751736e+002
 -1.0058102e+002
  2.4125405e+001
 -2.7479385e+002
  3.4137383e+002
 -2.4851232e+002
  2.0441456e+002
  3.4007305e+001
 -2.8953839e+002
  2.1340979e+002
 -5.5192165e-001
  4.8014969e+001
 -3.9676604e+001
 -2.5331003e+002
  2.3288061e+002
 -1.4365692e+002
  2.1566800e+002
  1.7687692e+001
  1.5401419e+001
 -2.3036579e+002
 -1.1438152e+002
  3.5792089e+002
 -1.4036390e+002
 -1.1074575e+002
  3.3958919e+002
 -2.6468361e+002
  9.5612054e+001
 -2.7191548e+002
  1.5869900e+002
  1.1663539e+002
  1.5707202e+002
 -4.0833253e+002
  2.9677372e+002
 -1.6904833e+002
  1.2928236e+002
 -1.9725655e+002
  2.9291501e+002
 -2.8828703e+002
  1.1313545e+001
  3.5294594e+002
 -4.5537039e+002
  4.5505075e+002
 -2.4403595e+002
 -1.8573420e+002
  2.9900594e+002
 -2.9841585e+002
  2.9233744e+002
 -1.4013117e+002
  2.0795932e+002
 -1.9716322e+002
 -2.2089944e+002
  3.8017059e+002
  5.6163960e+001
 -1.9081244e+002
  1.7428441e+001
 -1.4693743e+002
 -1.2926173e+002
  6.6269564e+002
 -5.8082062e+002
  1.9282570e+001
  2.4433783e+002
 -1.9329570e+002
  4.6096558e+002
 -5.0404125e+002
  2.0380724e+002
 -6.6382615e+001
 -1.4975237e+002
  3.3219010e+002
 -2.4800028e+002
 -2.9445398e+000
  1.4316405e+002
 -1.4017660e+002
  2.6178338e+002
 -3.2105904e+002
  3.5569939e+002
 -3.9991909e+002
  1.9154870e+002
  6.3999053e+001
 -1.6380193e+002
  3.5708437e+002
 -6.4371358e+002
  6.2601952e+002
 -3.7175524e+002
  1.0690716e+002
  2.1681113e+002
 -3.0547778e+002
  2.0915318e+002
 -3.2250269e+002
  2.8112737e+002
 -1.6446446e+002
  2.9924509e+002
 -3.6712624e+002
  2.2745971e+002
 -2.1918736e+001
 -1.5005642e+002
  3.5051213e+002
 -3.2439242e+002
  7.3777396e+001
  5.6879803e+001
 -7.8979202e+001
 -2.1200797e+002
  4.0261877e+002
 -1.2777209e+002
 -2.0117935e+001
  3.4127014e+001
 -7.4245567e+001
 -1.8316129e+001
  1.2536317e+002
  4.6728415e+001
 -3.1018135e+002
  3.7668125e+002
 -3.4152097e+002
  1.1322642e+002
  1.4918784e+002
 -1.9276355e+002
 -2.7792824e+001
  2.5927774e+002
 -1.2520881e+002
 -1.4352102e+002
  2.8788383e+002
 -3.6847830e+002
  1.8291812e+002
  1.7108989e+002
 -1.8549806e+002
  1.7862422e+002
 -2.2731958e+002
 -7.9896175e+001
  2.9280221e+002
 -8.9743436e+001
 -2.1992912e+002
  3.8608641e+002
 -2.3956143e+002
  2.9574931e+001
 -1.3503583e+002
  2.1309906e+002
  2.8204067e+001
 -2.0840849e+002
  2.1789227e+002
 -3.2422958e+002
  5.8119824e+002
 -6.0900776e+002
  1.7850083e+002
  1.5853355e+002
  1.1975356e+001
 -2.9964572e+002
  3.2119422e+002
 -2.4380339e+002
  2.0319020e+002
 -1.6665376e+002
  1.4708186e+002
 -1.6737800e+002
  2.3181575e+002
 -4.0267816e+002
  3.6862015e+002
 -5.4414913e+001
  8.0872804e+001
 -2.5496387e+002
  2.2675104e+002
 -2.8481617e+002
  2.7705526e+002
 -1.4847032e+002
  1.9838123e+002
 -1.1460459e+002
 -9.2883085e+001
  1.2849990e+002
 -3.7712270e+001
 -2.0728258e+002
  3.9175371e+002
 -3.2050086e+002
 -1.4047429e+001
  3.7540992e+002
 -4.5630753e+002
  3.1950820e+002
 -3.7803901e+001
 -5.3839954e+001
 -1.8258324e+002
 -4.6093361e+001
  4.0546012e+002
 -9.4429244e+001
 -3.2800571e+002
  4.7585784e+002
 -2.8581743e+002
 -7.7532832e+001
  3.8808857e+002
 -3.7861846e+002
 -7.0294742e+000
  8.7010821e+001
  1.4674472e+002
 -2.3102131e+002
  1.1330542e+002
  2.6329776e+000
 -8.6398129e+001
  1.8882249e+002
 -1.7534760e+002
  1.4611174e+002
 -3.5166614e+001
 -1.8131433e+002
  5.1942919e+002
 -6.9675994e+002
  3.2281569e+002
 -1.0273211e+002
  9.9216392e+001
 -7.5978147e+001
  2.1405662e+002
 -2.0093778e+002
  9.6904298e+001
 -2.3350507e+002
  3.5987444e+002
 -9.9575976e+001
 -2.9625811e+002
  5.3449040e+002
 -4.1085335e+002
  1.2946740e+002
 -5.2379761e+001
  2.1262036e+001
 -1.7599438e+002
  2.8464118e+002
 -3.0979193e+002
  4.8683559e+002
 -3.1999927e+002
  3.6494549e+001
 -1.0962834e+002
  2.0265081e+002
 -6.4495702e+001
 -1.6285323e+001
 -1.4278169e+002
  2.1489422e+002
 -1.6760788e+001
 -9.9598017e+001
 -1.5308628e+002
  2.5293598e+002
  1.0653910e+002
 -1.8043709e+002
 -6.2153152e+001
  1.9835294e+002
 -1.8622526e+002
  1.3540282e+002
 -8.2679324e+000
 -1.9898898e+002
  1.0348670e+002
 -3.0164950e+001
  1.1390174e+002
  9.1290015e+001
 -3.5992558e+002
  3.3475992e+002
 -7.8470722e+001
 -2.7439153e+002
  3.0805945e+002
 -3.9723820e+001
 -4.7889676e+001
 -1.2628948e+002
  3.3569193e+002
 -1.9390759e+002
  8.8200844e+001
 -3.3868040e+002
  2.9589091e+002
 -4.3734417e+001
  1.2524870e+002
 -1.9014725e+002
  5.2616463e+000
  2.2850092e+001
  1.1271973e+002
  5.3585044e+001
 -2.2335983e+002
 -2.0035325e+001
  1.4456164e+002
 -1.9403033e+002
  4.5780082e+002
 -3.3414115e+002
 -1.2394294e+002
  3.0011541e+002
 -3.6091188e+002
  2.5992854e+002
  3.3489485e+001
  2.2591308e+001
 -2.2781375e+002
  7.7454034e+001
  8.3909372e+001
  3.2856937e+001
 -8.2237120e+001
 -1.1237558e+002
  1.5318659e+002
  1.8146904e+001
  1.2806646e+002
 -5.7428773e+001
 -2.6768135e+002
  1.5819703e+002
 -4.6203827e+001
  5.7240118e+001
 -1.2520253e+002
  2.2785654e+002
 -3.2693902e+002
  3.7162873e+002
 -1.7720117e+002
  1.9929876e+002
 -2.8595466e+002
  2.4658802e+002
 -3.3100748e+002
  8.7671581e+001
  3.8227338e+001
  3.3144530e+002
 -2.3083157e+002
 -2.6208546e+002
  2.4477092e+002
  7.8062700e+001
 -2.4363910e+002
  2.1023474e+002
 -1.1407545e+002
  1.2065958e+002
 -3.4372093e+001
 -2.0259156e+002
  1.5199166e+002
 -1.7266314e+001
  1.9875088e+002
 -1.6617020e+002
 -7.9302755e+001
  1.5962172e+002
 -1.7346162e+002
  1.9107194e+002
 -1.4973191e+002
  1.5597615e+002
 -6.3476779e+001
 -2.3362909e+002
  2.3215409e+002
  4.8120695e-001
 -1.0609215e+002
  8.5763433e+001
 -1.7165184e+002
  3.0253724e+002
 -3.0199321e+002
  3.2743841e+002
 -1.6978694e+002
  7.8273633e+001
 -2.9256498e+002
  2.0827099e+002
  2.9507316e+001