-6.5055288e+000
-2.9755256e+000
  5.9476292e+000
 -4.1826522e+000
  8.1068382e-001
  8.9360307e+000
 -6.7563103e+000
 -5.1699185e+000
  6.7863330e+000
 -2.3953614e+000
  3.5940745e+000
 -2.7801150e+000
 -5.0978205e+000
  7.6143662e-001
  1.0395414e+001
 -1.1461845e+001
  3.9429522e+000
  1.9157979e+000
 -2.5500512e+000
  5.5362787e+000
  3.0387531e+000
 -9.3561711e+000
  2.9850928e-001
  6.7745149e+000
 -7.5790023e+000
 -3.1941945e+000
  1.3196986e+001
 -1.0303903e+001
  3.0108947e+000
 -5.2073901e+000
  1.2556055e+001
 -1.0140929e+001
  9.5572672e+000
 -7.5063454e+000
 -3.0240546e+000
  3.3290430e+000
  4.1430075e+000
 -5.9381834e+000
  5.8049461e+000
 -7.5208726e+000
  8.6242903e+000
 -7.5947695e+000
  2.8320432e+000
 -3.4354582e+000
  1.2486185e+001
 -1.3111408e+001
  1.1192983e+001
 -1.2949519e+001
  3.8948993e+000
  8.6580070e+000
 -9.1923683e+000
 -2.1239062e+000
  3.2982937e+000
  7.1963857e+000
 -1.0699659e+001
  1.0691693e+001
 -2.9970936e+000
 -5.0750865e+000
  8.2867522e+000
 -8.6686137e+000
  2.3457595e+000
 -6.2863228e+000
  1.0708029e+001
 -1.0209769e+001
  1.1656922e+001
 -5.0218400e+000
  1.7062457e+000
  3.9833949e-001
 -5.9268731e+000
  5.4444190e+000
  2.2916823e+000
 -1.1162027e+001
  9.2889739e+000
 -3.7578100e+000
  4.1503125e+000
 -6.8111674e+000
  8.4969413e+000
 -7.6101878e+000
  2.1001159e+000
  3.8050972e+000
  1.1609833e-001
 -6.6881364e+000
  9.5362385e-001
  1.4125187e+001
 -1.8845361e+001
  7.5610590e+000
 -6.3560511e-001
  3.2312572e+000
 -4.9262588e+000
  5.4965811e+000
 -5.7940155e+000
 -4.0031789e-001
  7.2883348e+000
 -7.0258622e-001
 -6.6926806e+000
  1.3917319e+000
  4.2423063e+000
 -9.0628076e+000
  1.3754798e+001
 -7.0780837e+000
 -7.0827260e+000
  1.1485283e+001
 -5.2674623e+000
 -1.9814477e+000
  9.5712661e+000
 -8.2724767e+000
 -2.0946740e+000
  9.3072837e+000
 -9.1587319e+000
  8.3247780e+000
 -1.0487704e+001
 -4.0262453e-001
  1.4085740e+001
 -7.1784037e+000
 -7.9574399e+000
  1.5905689e+001
 -1.0627857e+001
  6.8298698e-001
 -1.0699462e+000
  8.0167717e+000
 -6.0851425e+000
 -4.0046900e+000
  5.9598830e+000
  3.5041713e+000
 -4.8012183e+000
 -1.2941887e-001
 -6.0980601e+000
  4.3503621e+000
  7.0626421e-001
  6.7031367e+000
 -2.4890185e+000
 -1.2183177e+001
  1.1036430e+001
 -2.4893917e+000
  1.5663704e+000
 -1.6243047e+000
 -7.3449385e+000
  1.4506604e+001
 -9.1657088e+000
  1.1500368e+001
 -1.1324554e+001
 -1.5674027e-001
 -8.5499399e-001
  2.3579964e+000
 -6.7116549e+000
  2.1931177e+001
 -1.4353117e+001
 -4.9054033e+000
  6.8665276e+000
 -1.3799753e+000
 -7.4485505e+000
  1.1419582e+001
 -7.7014395e+000
  3.9059424e+000
  5.3481166e+000
 -1.4201627e+001
  1.1435251e+001
 -2.0121692e+000
 -3.1134317e+000
 -1.8749221e-001
 -6.3190565e-001
  5.8395344e+000
  2.9573398e+000
 -1.4935537e+001
  1.3313399e+001
 -1.2866793e+001
  1.2251014e+001
 -4.2777022e+000
  3.5811867e+000
 -1.5911266e+000
 -2.0684670e+000
  2.3334712e+000
 -3.5240653e+000
 -5.3373928e+000
  1.2837705e+001
 -7.8033150e+000
 -3.7757857e+000
  1.2489038e+001
 -7.8920807e+000
 -2.0844242e+000
  4.6773305e+000
 -2.5500381e+000
  3.7768731e+000
 -3.5029617e+000
 -5.5173675e+000
  4.6178849e+000
  8.4226983e+000
 -4.3188811e+000
 -4.8235640e+000
  3.9576036e+000
 -1.1393070e+000
  3.8522430e+000
 -5.6550770e+000
 -3.8174489e+000
  7.2052805e+000
 -8.8407855e+000
  1.7498234e+001
 -1.3773689e+001
 -1.8437016e+000
  4.8971695e+000
  3.0148124e+000
 -1.0995902e+000
  2.8229940e+000
 -1.1086550e+001
  3.0800690e+000
  5.1877906e+000
  2.3189083e+000
 -1.2161116e+001
  8.5173673e+000
  2.4563227e+000
 -4.0339762e+000
  9.3977877e-001
 -3.8841037e-001
 -1.6890367e+000
  5.8713397e+000
 -1.0477004e+001
  1.5899727e+001
 -1.1956279e+001
  4.3926654e+000
 -2.0635804e+000
  3.8371108e+000
 -1.2966500e+001
  1.3150595e+001
 -2.9413656e+000
 -1.4444499e+000
  3.5143917e+000
 -3.8646347e+000
 -3.2097135e+000
  7.5396815e+000
 -5.2007983e+000
  1.4340776e+000
 -7.9639357e-001
  6.6053823e+000
 -4.4998247e+000
 -4.5584217e+000
  8.2895112e+000
 -1.1678020e+001
  1.4783768e+001
 -1.4931104e+001
  5.3981611e+000
  1.1774418e+001
 -1.8200657e+001
  1.0523616e+001
 -8.3325245e-001
 -1.3589731e-001
 -1.3600941e+000
 -3.4849356e+000
  8.8068771e+000
 -5.2352953e+000
 -1.2544073e+001
  1.7489086e+001
 -3.2801224e+000
 -1.2418183e+000
  2.9336158e+000
  2.5811328e+000
 -1.1023629e+001
  1.9135197e+000
  3.4887111e+000
 -3.4911171e+000
  4.4232484e+000
  1.3507970e+000
  8.7224969e-001
 -4.2785007e+000
 -1.8134788e+000
  6.0052783e+000
 -3.3683637e+000
 -6.4032339e+000
  1.1770615e+001
 -3.5822917e-001
 -2.7450707e+000
 -1.0371703e+001
  1.0616917e+001
 -2.6978777e+000
 -6.0784132e-001
  2.5707444e-001
  4.1979050e+000
 -6.9213567e+000
  1.0728985e+001
 -1.1556412e+001
  2.3720832e+000
 -4.8949266e-001
  2.2415363e+000
 -3.3733467e+000
  1.8850848e+000
  5.6096741e+000
  2.0505053e-001
 -8.8855570e+000
  2.0879861e+000
  2.8273100e+000
  3.0824262e+000
  1.8867247e+000
 -5.7730113e+000
 -2.5879226e+000
  5.8817745e-002
  6.7451994e+000
 -3.6945989e-001
 -1.3119305e+001
  1.5695388e+001
 -1.0874064e+001
  6.7717739e+000
  4.0540398e+000
 -1.0453249e+001
  2.4364719e+000
  6.6966532e+000
 -4.5118277e+000
 -3.4833673e+000
  8.0128153e+000
 -5.7487188e+000
 -5.6436387e+000
  1.2387674e+001
 -8.2939832e+000
  5.8774249e+000
  4.3793559e-001
 -7.1472599e+000
  3.8405031e+000
 -2.8715666e+000
  4.9419950e+000
 -7.4987452e+000
  1.5481508e+001
 -1.8553840e+001
  1.1297601e+001
 -8.1652939e+000
  8.0462379e+000
 -8.3082778e+000
  1.2156669e+001
 -7.1240929e+000
 -2.3897291e+000
  6.8329348e-001
  9.6137207e+000
 -2.6545327e+000
 -1.3170804e+001
  6.7231630e+000
 -2.8598961e+000
  1.0313274e+001
 -7.1550141e+000
 -7.8706412e-001
  6.3080668e+000
 -2.9626323e+000
 -3.9820639e+000
  7.8676262e+000
 -1.2909918e+001
  1.2853930e+001
 -3.3883699e+000
 -7.2097830e+000
  3.9671736e+000
  3.8202304e+000
 -4.9769026e+000
  1.7994535e+000
  9.9092192e-001
  2.7750068e+000
 -4.5761933e+000
  4.3520339e+000
 -9.7191915e+000
  1.4442940e+001
 -5.9812705e+000
 -3.2283139e+000
  1.9887781e+000
  1.7518736e+000
 -1.9569587e+000
 -1.0176426e+001
  1.5670052e+001
 -2.1964123e+000
 -1.0050385e+001
  1.3507047e+001
 -1.5203515e+001
  1.4505832e+001
 -4.4839086e+000
 -8.6626404e+000
  1.3331977e+001
 -8.1898029e+000
 -5.3723764e-001
  3.8763989e+000
  1.6849557e+000
  1.8581658e+000
 -9.3787854e+000
 -5.2976400e-001
  3.5598674e+000
  4.1244335e+000
 -5.0785623e+000
  4.3187781e+000
 -5.8356792e+000
  3.6139004e+000
  7.1935193e+000
 -8.9944268e+000
  5.2313284e-002
 -3.6315232e-001
  6.1141645e+000
 -1.5556080e+000
 -3.8503866e+000
  6.0199223e+000
 -7.0560802e+000
  3.7797194e+000
 -4.6103708e+000
  4.9191867e+000
 -6.1150985e+000
  7.8454238e+000
  1.3175405e+000
 -9.7489721e+000
  1.0092819e+001
 -8.8478793e+000
 -3.5325108e+000
  1.7198291e+001
 -1.1784969e+001
 -1.0485326e+000
  1.0439670e+001
 -1.4868768e+001
  1.3159648e+001
 -9.6862130e+000
  8.7257371e+000
 -1.2195863e+001
  9.3747928e+000
  4.5370912e+000
 -1.4751543e+001
  1.5504927e+001
 -1.0701250e+001
  5.7450747e+000
 -1.4844917e+000
 -7.4661751e+000
  1.8819295e+001
 -1.1993798e+001
 -7.7709734e+000
  1.7795811e+001
 -1.9985755e+001
  8.3371577e+000
  1.1021437e+001
 -1.4222084e+001
  6.7610573e+000
 -7.0432648e+000
  1.0382614e+001
 -1.0063816e+001
  1.0073540e+001
 -1.1430784e+001
  8.5204638e+000
  2.8873044e+000
 -5.3230341e+000
 -3.9436332e+000
  1.0872838e+001
 -1.6521476e+001
  7.7810175e+000
  4.6116897e+000
  3.3548734e+000
 -1.0704328e+001
 -2.0732138e+000
  9.9624717e+000
 -8.8242946e-001
 -3.4802320e+000
 -4.7925810e-001
  5.4330905e+000
 -2.8430537e+000
 -4.4925817e-001
 -1.9929780e+000
  2.7622635e+000
  4.6943501e-001
 -1.2208613e+000
 -5.7115725e+000
  9.0704902e+000
 -2.6562294e+000
  1.8675483e-001
 -1.4292567e+000
 -6.9162403e+000
  1.0404039e+001
 -6.8054112e+000
  1.2842977e+000
  6.9605272e+000
 -8.2766375e+000
 -3.9602093e+000
  1.8078174e+001
 -1.3416244e+001
  5.1383528e+000
 -7.2806530e+000
  9.8331677e+000
 -5.0106505e+000
 -3.6740925e+000
  5.9007016e+000
 -6.7336901e-002
  2.7485546e+000
 -7.4913185e+000
 -3.6810871e-001
 -1.5517992e+000
  4.7379300e+000
  2.1259081e-001
 -2.1217891e+000
  5.7146613e+000
 -6.0423776e+000
  3.4236820e+000
 -3.1905385e+000
  3.8298831e+000
 -6.1941169e+000
  1.2744495e+001
 -2.1784118e+001
  2.1904699e+001
 -5.5761816e+000
 -3.5036347e+000
 -3.3981210e+000
 -8.0175159e-001
  1.1987882e+001
 -1.2050434e+001
  8.7088425e+000
 -1.0105203e+001
  1.0978133e+001
 -4.2103217e+000
 -1.0754151e+001
  1.6271140e+001
 -9.7739293e+000
  4.6088972e+000
  1.3236889e+000
 -6.3154077e+000
  8.7223213e+000
 -7.1104179e+000
  9.2203991e+000
 -8.1290562e+000
 -5.5276857e+000
  1.0384056e+001
 -3.5563228e+000
 -2.8408854e+000
  1.2721854e+001
 -1.7658607e+001
  9.9942245e+000
 -7.5921594e+000
  6.6699989e+000
  3.7403517e+000
 -1.0015190e+001
  5.2181099e+000
 -2.9286927e+000
  6.3526637e+000
 -1.4334419e+000
 -6.6787372e+000
  2.3397997e+000
  2.4011784e+000
 -1.4713181e+000
  6.3391765e+000
 -5.6352315e+000
 -3.2626826e-001
 -3.6839787e+000
  5.4256011e+000
 -1.3431208e+000
 -2.0004878e+000
  3.3696305e+000
  1.7056219e+000
 -3.9777559e+000
 -5.7760396e+000
  9.5572187e+000
  3.6755784e+000
 -1.6109707e+000
 -9.6679323e+000
  3.1804865e+000
  8.8876172e+000
 -1.8177927e+001
  1.0688157e+001
  5.1703392e+000
 -3.5326311e+000
 -5.0970225e+000
  3.9074629e+000
  2.8013586e+000
 -1.4548974e+000
 -4.1567413e+000
 -2.6232300e+000
  1.6464966e+001
 -2.1739882e+001
  2.2532220e+001
 -1.5280586e+001
 -1.3559674e+000
  2.9564914e+000
  8.3881562e+000
 -8.9023844e+000
  4.3971473e+000
  2.9544862e-001
 -1.1396414e+001
  1.4438295e+001
 -7.1660526e+000
 -5.2334449e+000
  1.2920989e+001
 -4.7297466e+000
 -3.7313091e+000
  4.1148501e+000
  3.2169420e+000
 -1.1350873e+001
  8.9564565e+000
 -2.1181170e+000
 -3.1699260e+000
  4.7566559e+000
  5.7603852e-001
 -3.0109967e-001
 -8.4286020e+000
  5.8049376e+000
  2.4102578e+000
 -1.5956883e+000
  2.3045758e-001
 -5.1607903e-001
  2.1017044e-001
 -5.7989682e+000
  6.4516621e+000
  4.2016026e+000
 -8.8855830e+000
  8.1582006e+000
 -3.9914599e+000
 -2.4478974e+000
  9.0448197e-001
  3.6924197e+000
  3.1175170e-001
 -1.0427759e+001
  1.1719140e+001
 -5.7725457e+000
 -2.9339343e-001
  3.5703773e+000
 -1.4892962e+000
 -1.3233263e+000
  4.9165460e-001
  4.4038042e+000
 -6.9004733e+000
  2.2846468e+000
  1.7085122e+000
  5.4061839e+000
 -1.5253125e+001
  1.6327066e+001
 -1.7362991e+001
  1.8794016e+001
 -1.0284194e+001
 -2.8784657e+000
  1.2598458e+001
 -1.4358116e+001
  5.2508454e+000
  1.5796980e+000
  3.5567252e+000
 -8.2266290e+000
  8.7902009e+000
 -9.1221099e+000
  7.1649716e+000
 -5.3525390e+000
  5.8640687e+000
 -7.5052024e+000
  7.1814093e+000
 -1.8608065e+000
  3.3061860e+000
 -1.3526361e+001
  4.8273530e+000
  1.1953929e+001
 -1.4427275e+001
  1.2175503e+001
 -3.4022174e+000
 -5.1142348e+000
  4.6706939e+000
 -5.3458774e+000
  8.9250199e+000
 -8.5663679e+000
  2.8211965e+000
  1.0728450e+000
 -1.0760847e+000
  2.9117075e+000
  1.1177981e+000
 -9.6468215e+000
  1.0448235e+001
 -1.1230732e+001
  1.1731522e+001
 -8.7317451e+000
  1.0934570e+000
  9.8149373e+000
 -6.1243172e+000
 -6.6134502e+000
  8.4688526e+000
 -1.7632819e+000
 -1.2994662e+000
  3.2995156e+000
 -8.9661645e+000
  1.1115413e+001
 -1.0369616e+001
  1.0662453e+001
 -1.1907167e+001
  1.0465982e+001
  7.4196129e+000
 -2.1301857e+001
  5.1019499e+000
  1.0174418e+001
 -4.2564996e+000
 -4.7996734e+000
  3.4592468e-001
  5.8621011e+000
 -3.5478156e-001
 -3.4795269e+000
  1.3561021e+000
  2.3435059e+000
 -4.3048567e+000
  3.3360102e+000
 -3.7823944e+000
  2.6984939e+000
  6.5690229e+000
 -9.9110517e+000
  5.2794195e+000
 -6.7568405e+000
  1.2443021e+001
 -1.5292547e+001
  3.4226926e+000
  6.0809921e+000
 -5.3743904e+000
  8.0837930e+000
 -3.1088145e+000
  2.5501938e+000
 -1.9348064e+001
  2.3058087e+001
 -1.0575348e+001
  4.4111435e+000
  1.2743255e+000
 -3.3697985e+000
  7.5950462e+000
 -1.2585543e+001
  3.2306182e+000
  2.7761230e+000
 -5.4466551e+000
  5.6400155e+000
  2.2917987e+000
 -1.0171517e+000
 -8.8818339e+000
  9.5868333e+000
 -4.3255913e+000
  1.3745512e+000
  1.5954017e+000
 -4.3797030e+000
  4.4826102e+000
 -1.0608531e+000
  3.0933242e+000
 -7.4831671e+000
  8.4174960e-001
  7.4218228e+000
 -7.2311906e+000
  1.9842231e+000
 -8.2045274e+000
  2.2730673e+001
 -1.5549271e+001
  2.5122484e+000
  2.9122710e+000
 -9.5026416e+000
  5.3927993e+000
  2.7818307e+000
 -3.4115039e+000
  1.2770873e+000
  4.7110876e-001
  1.1584590e+000
 -2.3338461e+000
  1.1196754e+000
 -6.0734844e+000
  7.9476029e+000
 -3.6612652e+000
  4.6479528e+000
  1.3732915e+000
 -1.2415285e+001
  5.6581853e+000
  2.4402846e-001
  1.1674891e+001
 -1.7225443e+001
  7.7142895e+000
 -9.8417117e-002
  1.3884660e-001
 -7.4013297e+000
  1.7401032e+001
 -1.5166282e+001
  3.8531314e+000
  8.9013000e+000
 -1.6353270e+001
  4.8717988e+000
  9.3202082e+000
 -5.9645336e+000
  3.8756897e+000
 -9.8687764e+000
  3.5805691e+000
  1.0176442e+001
 -7.5508804e+000
 -2.8307461e+000
  2.4910045e-001
 -1.0338537e+000
  5.3804998e+000
  2.3562131e-001
  3.3249986e-001
 -5.6329275e+000
  1.5070009e+000
  5.8507284e+000
 -7.5053215e+000
  3.1326782e+000
 -3.3908991e+000
  2.8600722e+000
  1.2208701e+001
 -2.1619093e+001
  1.5980997e+001
 -3.7748699e+000
 -4.6348478e+000
  1.9940763e+000
 -2.1946098e+000
  4.4773896e+000
  1.9807046e+000
 -7.2575884e+000
  8.6569008e+000
 -1.7013437e+001
  1.9429232e+001
 -1.2124406e+001
  4.6973945e+000
  4.3178654e+000
 -1.6294318e+000
 -2.9870572e+000
 -7.8257395e+000
  1.1138676e+001
 -7.1374380e+000
  9.1811414e+000
  2.9476010e+000
 -1.4615145e+001
  5.7148996e-002
  8.4365177e+000
 -7.5774869e+000
  1.0814690e+001
  1.8994072e+000
 -2.1647569e+001
  1.9430749e+001
  3.6055104e+000
 -1.4337266e+001
  6.6762903e+000
  1.4676786e+000
  1.0696450e+000
 -6.5326005e+000
 -1.0934144e+000
  6.9827874e+000
 -1.8558265e+000
 -4.0651629e+000
 -5.4153430e+000
  1.6695963e+001
 -9.8857108e+000
  6.1834192e+000
 -1.1260263e+000
 -4.9410689e+000
 -4.0915910e+000
  7.4082915e+000
 -1.3861123e+000
 -3.3617243e+000
 -9.4257214e-001
  7.9452055e+000
  4.7564794e-001
 -6.6026981e+000
  5.7339484e-002
  5.1173830e+000
 -7.6919920e+000
  5.6368469e+000
  1.3074015e+000
  5.0003785e+000
 -8.6476633e+000
  6.1945961e-001
 -6.2225454e+000
  1.0690054e+001
 -1.0145258e+001
  1.3410057e+001
 -7.3521462e+000
  1.0928535e+000
 -5.7748393e+000
  5.9809824e+000
  2.1011481e+000
 -7.0410302e-001
 -2.7918617e+000
  3.9051525e-001
 -3.4450597e+000
  2.5004214e+000
 -9.5732427e-001
  4.2098521e+000
  4.9689123e+000
 -1.4282180e+001
  1.0148760e+001
 -2.5282302e-001
 -4.5897777e+000
  1.5706603e+000
 -2.9303609e-001
  3.9680092e-002
  1.4097931e+000
  7.2659852e-002
 -6.6722185e+000
  5.0916111e+000
  3.7557156e+000
 -1.5368666e+000
 -6.1631855e+000
  1.0666986e+001
 -6.4306284e+000
 -9.6253515e-001
 -1.8962236e+000
  6.9228155e+000
 -5.9804539e+000
  4.4258787e+000
 -3.3304642e+000
  8.4718485e+000
 -1.8903797e+001
  1.3006195e+001
  5.5498505e+000
 -2.4436053e+000
 -1.8707055e+001
  1.9670053e+001
 -8.4652456e+000
  4.1741472e+000
 -5.8436149e-001
 -3.1605277e+000
  4.9679064e+000
  4.8628235e+000
 -1.5535963e+001
  1.1685931e+001
 -5.3261003e+000
  1.7695300e+000
 -3.2380139e-001
  3.4384693e+000
 -3.0834883e+000
  1.6314611e+000
 -8.9984949e+000
  1.0894273e+001
 -4.6856400e+000
 -6.9401642e-001
  9.3389066e+000
 -7.6861137e+000
 -3.1274734e+000
  4.3682059e-001
  8.2229025e+000
 -5.8148580e+000
 -3.8861030e+000
  5.2059329e+000
 -1.5758201e+000
  3.9236838e-001
 -7.0456542e-001
  1.0514076e+001
 -1.5961368e+001
  5.8001973e+000
  7.6909098e+000
 -1.3197513e+001
  2.9927950e+000
  1.2036244e+001
 -1.4231692e+001
  7.5075546e+000
 -6.4383516e+000
  1.0577830e+001
 -6.3435275e+000
 -8.1289651e+000
  1.1161976e+001
 -5.7956565e+000
  4.7728436e+000
 -9.1180833e-001
  7.7726407e-001
  3.0896817e+000
 -9.4176262e+000
  3.8721968e+000
 -2.6073227e-001
  5.7869840e+000
 -8.3003605e+000
 -1.9334980e+000
  1.3253984e+001
 -1.0112066e+001
  2.0547890e+000
  3.9071292e+000
 -8.0947751e+000
  4.9677430e+000
  8.1208764e+000
 -2.4374325e+001
  1.8837358e+001
 -2.3847762e+000
  6.0613765e-001
  2.7739734e+000
 -1.3272359e+000
 -5.4280793e+000
 -7.0071357e-001
 -1.3071333e+000
  1.4646848e+001
 -1.9759303e+001
  1.9777630e+001
 -1.6400536e+001
  9.4118963e+000
  3.2147093e+000
 -2.1436554e+001
  2.7938096e+001
 -1.4622239e+001
  8.8828133e-001
  6.4448084e-001
 -1.7008508e+000
  1.6683593e+000
 -5.4806402e+000
  8.4041457e+000
 -8.1300776e-001
  3.8087999e+000
 -1.1453511e+001
  1.0311061e+001
 -4.1548234e+000
 -3.1019741e+000
  8.7366885e+000
 -2.0540949e+000
 -1.0886447e+001
  8.4076394e+000
 -7.1718577e+000
  9.6681476e+000
 -9.5928821e+000
  1.2522243e+001
 -1.0724862e+001
  4.4860508e+000
 -1.4805483e-001
  4.2029582e+000
 -8.2085114e+000
  4.2309988e+000
  8.5056506e-001
 -2.4876711e+000
  1.5482236e+000
 -1.2021227e+000
  2.4476760e+000
 -7.3548552e-001
 -5.3318850e+000