1.0916004e+002
 -9.3877947e+001
  5.6971731e+001
 -5.7057454e+001
  6.4095714e+001
 -7.3128253e+001
  1.7257796e+001
 -3.5827711e+001
  1.0631991e+002
  3.1129705e+001
 -1.0318250e+002
 -5.2911256e+001
  1.5052483e+002
 -1.3938168e+002
  8.3436537e+001
 -6.8379964e+001
  1.5139300e+002
 -1.4745638e+002
  7.8700766e+001
 -1.5596447e+002
  1.7059925e+002
 -7.0514599e+001
  8.3886328e+001
 -7.9609254e+001
  1.0134742e+001
 -3.0457119e+001
  7.3510768e+001
 -6.4712757e+001
  1.0051732e+002
 -1.2816905e+002
  6.5720765e+001
  4.3266331e+000
 -7.9480470e+001
  7.7832458e+001
 -1.5613320e+000
  2.6486887e+001
 -1.1529713e+002
  1.1499757e+002
 -1.3824757e+001
 -3.4675004e+001
  2.0774251e+001
  2.6598051e+001
 -1.0284556e+002
  7.9381689e+001
 -2.0990201e+001
 -2.2671777e+000
 -2.4618738e+001
  6.8424924e+001
 -1.4990225e+002
  1.7493597e+002